<?xml version="1.0" encoding="utf-8" standalone="no"?>
<!DOCTYPE svg PUBLIC "-//W3C//DTD SVG 1.1//EN"
  "http://www.w3.org/Graphics/SVG/1.1/DTD/svg11.dtd">
<svg xmlns:xlink="http://www.w3.org/1999/xlink" width="788.5105pt" height="792.361875pt" viewBox="0 0 788.5105 792.361875" xmlns="http://www.w3.org/2000/svg" version="1.1">
 <metadata>
  <rdf:RDF xmlns:dc="http://purl.org/dc/elements/1.1/" xmlns:cc="http://creativecommons.org/ns#" xmlns:rdf="http://www.w3.org/1999/02/22-rdf-syntax-ns#">
   <cc:Work>
    <dc:type rdf:resource="http://purl.org/dc/dcmitype/StillImage"/>
    <dc:date>2023-11-16T17:36:37.906833</dc:date>
    <dc:format>image/svg+xml</dc:format>
    <dc:creator>
     <cc:Agent>
      <dc:title>Matplotlib v3.7.2, https://matplotlib.org/</dc:title>
     </cc:Agent>
    </dc:creator>
   </cc:Work>
  </rdf:RDF>
 </metadata>
 <defs>
  <style type="text/css">*{stroke-linejoin: round; stroke-linecap: butt}</style>
 </defs>
 <g id="figure_1">
  <g id="patch_1">
   <path d="M -0 792.361875 
L 788.5105 792.361875 
L 788.5105 0 
L -0 0 
z
" style="fill: #ffffff"/>
  </g>
  <g id="axes_1">
   <g id="patch_2">
    <path d="M 721.3825 418.779375 
C 721.3825 375.09749 712.778121 331.840357 696.061788 291.483558 
C 679.345454 251.126759 654.842256 214.455132 623.9545 183.567375 
C 593.066743 152.679619 556.395116 128.176421 516.038317 111.460087 
C 475.681518 94.743754 432.424385 86.139375 388.7425 86.139375 
C 345.060615 86.139375 301.803482 94.743754 261.446683 111.460087 
C 221.089884 128.176421 184.418257 152.679619 153.5305 183.567375 
C 122.642744 214.455132 98.139546 251.126759 81.423212 291.483558 
C 64.706879 331.840357 56.1025 375.09749 56.1025 418.779375 
C 56.1025 462.46126 64.706879 505.718393 81.423212 546.075192 
C 98.139546 586.431991 122.642744 623.103618 153.5305 653.991375 
C 184.418257 684.879131 221.089884 709.382329 261.446683 726.098663 
C 301.803482 742.814996 345.060615 751.419375 388.7425 751.419375 
C 432.424385 751.419375 475.681518 742.814996 516.038317 726.098663 
C 556.395116 709.382329 593.066743 684.879131 623.9545 653.991375 
C 654.842256 623.103618 679.345454 586.431991 696.061788 546.075192 
C 712.778121 505.718393 721.3825 462.46126 721.3825 418.779375 
M 388.7425 418.779375 
C 388.7425 418.779375 388.7425 418.779375 388.7425 418.779375 
C 388.7425 418.779375 388.7425 418.779375 388.7425 418.779375 
C 388.7425 418.779375 388.7425 418.779375 388.7425 418.779375 
C 388.7425 418.779375 388.7425 418.779375 388.7425 418.779375 
C 388.7425 418.779375 388.7425 418.779375 388.7425 418.779375 
C 388.7425 418.779375 388.7425 418.779375 388.7425 418.779375 
C 388.7425 418.779375 388.7425 418.779375 388.7425 418.779375 
C 388.7425 418.779375 388.7425 418.779375 388.7425 418.779375 
C 388.7425 418.779375 388.7425 418.779375 388.7425 418.779375 
C 388.7425 418.779375 388.7425 418.779375 388.7425 418.779375 
C 388.7425 418.779375 388.7425 418.779375 388.7425 418.779375 
C 388.7425 418.779375 388.7425 418.779375 388.7425 418.779375 
C 388.7425 418.779375 388.7425 418.779375 388.7425 418.779375 
C 388.7425 418.779375 388.7425 418.779375 388.7425 418.779375 
C 388.7425 418.779375 388.7425 418.779375 388.7425 418.779375 
C 388.7425 418.779375 388.7425 418.779375 388.7425 418.779375 
z
" style="fill: #ffffff"/>
   </g>
   <g id="matplotlib.axis_1">
    <g id="xtick_1">
     <g id="line2d_1">
      <path d="M 388.7425 418.779375 
L 388.7425 86.139375 
" clip-path="url(#p6e3f3d86c5)" style="fill: none; stroke: #b0b0b0; stroke-width: 1.5; stroke-linecap: square"/>
     </g>
     <g id="text_1">
      <text style="font: 16px 'DejaVu Sans', 'Bitstream Vera Sans', 'Computer Modern Sans Serif', 'Lucida Grande', 'Verdana', 'Geneva', 'Lucid', 'Arial', 'Helvetica', 'Avant Garde', sans-serif; text-anchor: middle" x="388.7425" y="64.554375" transform="rotate(-0 388.7425 64.554375)">0.0</text>
     </g>
    </g>
    <g id="xtick_2">
     <g id="line2d_2">
      <path d="M 388.7425 418.779375 
L 516.038317 111.460087 
" clip-path="url(#p6e3f3d86c5)" style="fill: none; stroke: #b0b0b0; stroke-width: 1.5; stroke-linecap: square"/>
     </g>
     <g id="text_2">
      <text style="font: 16px 'DejaVu Sans', 'Bitstream Vera Sans', 'Computer Modern Sans Serif', 'Lucida Grande', 'Verdana', 'Geneva', 'Lucid', 'Arial', 'Helvetica', 'Avant Garde', sans-serif; text-anchor: middle" x="525.988086" y="91.854219" transform="rotate(-0 525.988086 91.854219)">22.5</text>
     </g>
    </g>
    <g id="xtick_3">
     <g id="line2d_3">
      <path d="M 388.7425 418.779375 
L 623.9545 183.567375 
" clip-path="url(#p6e3f3d86c5)" style="fill: none; stroke: #b0b0b0; stroke-width: 1.5; stroke-linecap: square"/>
     </g>
     <g id="text_3">
      <text style="font: 16px 'DejaVu Sans', 'Bitstream Vera Sans', 'Computer Modern Sans Serif', 'Lucida Grande', 'Verdana', 'Geneva', 'Lucid', 'Arial', 'Helvetica', 'Avant Garde', sans-serif; text-anchor: middle" x="642.339276" y="169.597599" transform="rotate(-0 642.339276 169.597599)">45.0</text>
     </g>
    </g>
    <g id="xtick_4">
     <g id="line2d_4">
      <path d="M 388.7425 418.779375 
L 696.061788 291.483558 
" clip-path="url(#p6e3f3d86c5)" style="fill: none; stroke: #b0b0b0; stroke-width: 1.5; stroke-linecap: square"/>
     </g>
     <g id="text_4">
      <text style="font: 16px 'DejaVu Sans', 'Bitstream Vera Sans', 'Computer Modern Sans Serif', 'Lucida Grande', 'Verdana', 'Geneva', 'Lucid', 'Arial', 'Helvetica', 'Avant Garde', sans-serif; text-anchor: middle" x="720.082656" y="285.948789" transform="rotate(-0 720.082656 285.948789)">67.5</text>
     </g>
    </g>
    <g id="xtick_5">
     <g id="line2d_5">
      <path d="M 388.7425 418.779375 
L 721.3825 418.779375 
" clip-path="url(#p6e3f3d86c5)" style="fill: none; stroke: #b0b0b0; stroke-width: 1.5; stroke-linecap: square"/>
     </g>
     <g id="text_5">
      <text style="font: 16px 'DejaVu Sans', 'Bitstream Vera Sans', 'Computer Modern Sans Serif', 'Lucida Grande', 'Verdana', 'Geneva', 'Lucid', 'Arial', 'Helvetica', 'Avant Garde', sans-serif; text-anchor: middle" x="747.3825" y="423.194375" transform="rotate(-0 747.3825 423.194375)">90.0</text>
     </g>
    </g>
    <g id="xtick_6">
     <g id="line2d_6">
      <path d="M 388.7425 418.779375 
L 696.061788 546.075192 
" clip-path="url(#p6e3f3d86c5)" style="fill: none; stroke: #b0b0b0; stroke-width: 1.5; stroke-linecap: square"/>
     </g>
     <g id="text_6">
      <text style="font: 16px 'DejaVu Sans', 'Bitstream Vera Sans', 'Computer Modern Sans Serif', 'Lucida Grande', 'Verdana', 'Geneva', 'Lucid', 'Arial', 'Helvetica', 'Avant Garde', sans-serif; text-anchor: middle" x="720.082656" y="560.439961" transform="rotate(-0 720.082656 560.439961)">112.5</text>
     </g>
    </g>
    <g id="xtick_7">
     <g id="line2d_7">
      <path d="M 388.7425 418.779375 
L 623.9545 653.991375 
" clip-path="url(#p6e3f3d86c5)" style="fill: none; stroke: #b0b0b0; stroke-width: 1.5; stroke-linecap: square"/>
     </g>
     <g id="text_7">
      <text style="font: 16px 'DejaVu Sans', 'Bitstream Vera Sans', 'Computer Modern Sans Serif', 'Lucida Grande', 'Verdana', 'Geneva', 'Lucid', 'Arial', 'Helvetica', 'Avant Garde', sans-serif; text-anchor: middle" x="642.339276" y="676.791151" transform="rotate(-0 642.339276 676.791151)">135.0</text>
     </g>
    </g>
    <g id="xtick_8">
     <g id="line2d_8">
      <path d="M 388.7425 418.779375 
L 516.038317 726.098663 
" clip-path="url(#p6e3f3d86c5)" style="fill: none; stroke: #b0b0b0; stroke-width: 1.5; stroke-linecap: square"/>
     </g>
     <g id="text_8">
      <text style="font: 16px 'DejaVu Sans', 'Bitstream Vera Sans', 'Computer Modern Sans Serif', 'Lucida Grande', 'Verdana', 'Geneva', 'Lucid', 'Arial', 'Helvetica', 'Avant Garde', sans-serif; text-anchor: middle" x="525.988086" y="754.534531" transform="rotate(-0 525.988086 754.534531)">157.5</text>
     </g>
    </g>
    <g id="xtick_9">
     <g id="line2d_9">
      <path d="M 388.7425 418.779375 
L 388.7425 751.419375 
" clip-path="url(#p6e3f3d86c5)" style="fill: none; stroke: #b0b0b0; stroke-width: 1.5; stroke-linecap: square"/>
     </g>
     <g id="text_9">
      <text style="font: 16px 'DejaVu Sans', 'Bitstream Vera Sans', 'Computer Modern Sans Serif', 'Lucida Grande', 'Verdana', 'Geneva', 'Lucid', 'Arial', 'Helvetica', 'Avant Garde', sans-serif; text-anchor: middle" x="388.7425" y="781.834375" transform="rotate(-0 388.7425 781.834375)">180.0</text>
     </g>
    </g>
    <g id="xtick_10">
     <g id="line2d_10">
      <path d="M 388.7425 418.779375 
L 261.446683 726.098663 
" clip-path="url(#p6e3f3d86c5)" style="fill: none; stroke: #b0b0b0; stroke-width: 1.5; stroke-linecap: square"/>
     </g>
     <g id="text_10">
      <text style="font: 16px 'DejaVu Sans', 'Bitstream Vera Sans', 'Computer Modern Sans Serif', 'Lucida Grande', 'Verdana', 'Geneva', 'Lucid', 'Arial', 'Helvetica', 'Avant Garde', sans-serif; text-anchor: middle" x="251.496914" y="754.534531" transform="rotate(-0 251.496914 754.534531)">202.5</text>
     </g>
    </g>
    <g id="xtick_11">
     <g id="line2d_11">
      <path d="M 388.7425 418.779375 
L 153.5305 653.991375 
" clip-path="url(#p6e3f3d86c5)" style="fill: none; stroke: #b0b0b0; stroke-width: 1.5; stroke-linecap: square"/>
     </g>
     <g id="text_11">
      <text style="font: 16px 'DejaVu Sans', 'Bitstream Vera Sans', 'Computer Modern Sans Serif', 'Lucida Grande', 'Verdana', 'Geneva', 'Lucid', 'Arial', 'Helvetica', 'Avant Garde', sans-serif; text-anchor: middle" x="135.145724" y="676.791151" transform="rotate(-0 135.145724 676.791151)">225.0</text>
     </g>
    </g>
    <g id="xtick_12">
     <g id="line2d_12">
      <path d="M 388.7425 418.779375 
L 81.423212 546.075192 
" clip-path="url(#p6e3f3d86c5)" style="fill: none; stroke: #b0b0b0; stroke-width: 1.5; stroke-linecap: square"/>
     </g>
     <g id="text_12">
      <text style="font: 16px 'DejaVu Sans', 'Bitstream Vera Sans', 'Computer Modern Sans Serif', 'Lucida Grande', 'Verdana', 'Geneva', 'Lucid', 'Arial', 'Helvetica', 'Avant Garde', sans-serif; text-anchor: middle" x="57.402344" y="560.439961" transform="rotate(-0 57.402344 560.439961)">247.5</text>
     </g>
    </g>
    <g id="xtick_13">
     <g id="line2d_13">
      <path d="M 388.7425 418.779375 
L 56.1025 418.779375 
" clip-path="url(#p6e3f3d86c5)" style="fill: none; stroke: #b0b0b0; stroke-width: 1.5; stroke-linecap: square"/>
     </g>
     <g id="text_13">
      <text style="font: 16px 'DejaVu Sans', 'Bitstream Vera Sans', 'Computer Modern Sans Serif', 'Lucida Grande', 'Verdana', 'Geneva', 'Lucid', 'Arial', 'Helvetica', 'Avant Garde', sans-serif; text-anchor: middle" x="30.1025" y="423.194375" transform="rotate(-0 30.1025 423.194375)">270.0</text>
     </g>
    </g>
    <g id="xtick_14">
     <g id="line2d_14">
      <path d="M 388.7425 418.779375 
L 81.423212 291.483558 
" clip-path="url(#p6e3f3d86c5)" style="fill: none; stroke: #b0b0b0; stroke-width: 1.5; stroke-linecap: square"/>
     </g>
     <g id="text_14">
      <text style="font: 16px 'DejaVu Sans', 'Bitstream Vera Sans', 'Computer Modern Sans Serif', 'Lucida Grande', 'Verdana', 'Geneva', 'Lucid', 'Arial', 'Helvetica', 'Avant Garde', sans-serif; text-anchor: middle" x="57.402344" y="285.948789" transform="rotate(-0 57.402344 285.948789)">292.5</text>
     </g>
    </g>
    <g id="xtick_15">
     <g id="line2d_15">
      <path d="M 388.7425 418.779375 
L 153.5305 183.567375 
" clip-path="url(#p6e3f3d86c5)" style="fill: none; stroke: #b0b0b0; stroke-width: 1.5; stroke-linecap: square"/>
     </g>
     <g id="text_15">
      <text style="font: 16px 'DejaVu Sans', 'Bitstream Vera Sans', 'Computer Modern Sans Serif', 'Lucida Grande', 'Verdana', 'Geneva', 'Lucid', 'Arial', 'Helvetica', 'Avant Garde', sans-serif; text-anchor: middle" x="135.145724" y="169.597599" transform="rotate(-0 135.145724 169.597599)">315.0</text>
     </g>
    </g>
    <g id="xtick_16">
     <g id="line2d_16">
      <path d="M 388.7425 418.779375 
L 261.446683 111.460087 
" clip-path="url(#p6e3f3d86c5)" style="fill: none; stroke: #b0b0b0; stroke-width: 1.5; stroke-linecap: square"/>
     </g>
     <g id="text_16">
      <text style="font: 16px 'DejaVu Sans', 'Bitstream Vera Sans', 'Computer Modern Sans Serif', 'Lucida Grande', 'Verdana', 'Geneva', 'Lucid', 'Arial', 'Helvetica', 'Avant Garde', sans-serif; text-anchor: middle" x="251.496914" y="91.854219" transform="rotate(-0 251.496914 91.854219)">337.5</text>
     </g>
    </g>
    <g id="xtick_17">
     <g id="line2d_17">
      <path d="M 388.7425 418.779375 
L 388.7425 86.139375 
" clip-path="url(#p6e3f3d86c5)" style="fill: none; stroke: #b0b0b0; stroke-width: 1.5; stroke-linecap: square"/>
     </g>
    </g>
   </g>
   <g id="matplotlib.axis_2">
    <g id="ytick_1">
     <g id="line2d_18">
      <path d="M 388.7425 355.101845 
C 397.104557 355.101845 405.385303 356.748988 413.110836 359.949008 
C 420.836369 363.149029 427.856446 367.839695 433.769313 373.752562 
C 439.68218 379.665429 444.372846 386.685506 447.572867 394.411039 
C 450.772887 402.136572 452.42003 410.417318 452.42003 418.779375 
C 452.42003 427.141432 450.772887 435.422178 447.572867 443.147711 
C 444.372846 450.873244 439.68218 457.893321 433.769313 463.806188 
C 427.856446 469.719055 420.836369 474.409721 413.110836 477.609742 
C 405.385303 480.809762 397.104557 482.456905 388.7425 482.456905 
C 380.380443 482.456905 372.099697 480.809762 364.374164 477.609742 
C 356.648631 474.409721 349.628554 469.719055 343.715687 463.806188 
C 337.80282 457.893321 333.112154 450.873244 329.912133 443.147711 
C 326.712113 435.422178 325.06497 427.141432 325.06497 418.779375 
C 325.06497 410.417318 326.712113 402.136572 329.912133 394.411039 
C 333.112154 386.685506 337.80282 379.665429 343.715687 373.752562 
C 349.628554 367.839695 356.648631 363.149029 364.374164 359.949008 
C 372.099697 356.748988 380.380443 355.101845 388.7425 355.101845 
" clip-path="url(#p6e3f3d86c5)" style="fill: none; stroke: #b0b0b0; stroke-width: 1.5; stroke-linecap: square"/>
     </g>
     <g id="text_17">
      <text style="font: 16px 'DejaVu Sans', 'Bitstream Vera Sans', 'Computer Modern Sans Serif', 'Lucida Grande', 'Verdana', 'Geneva', 'Lucid', 'Arial', 'Helvetica', 'Avant Garde', sans-serif; text-anchor: start" x="413.110836" y="356.621508" transform="rotate(-0 413.110836 356.621508)">0.01</text>
     </g>
    </g>
    <g id="ytick_2">
     <g id="line2d_19">
      <path d="M 388.7425 263.530256 
C 409.129628 263.530256 429.318516 267.546075 448.153766 275.347891 
C 466.989016 283.149707 484.104329 294.585794 498.520205 309.00167 
C 512.936081 323.417546 524.372168 340.532859 532.173984 359.368109 
C 539.9758 378.203359 543.991619 398.392247 543.991619 418.779375 
C 543.991619 439.166503 539.9758 459.355391 532.173984 478.190641 
C 524.372168 497.025891 512.936081 514.141204 498.520205 528.55708 
C 484.104329 542.972956 466.989016 554.409043 448.153766 562.210859 
C 429.318516 570.012675 409.129628 574.028494 388.7425 574.028494 
C 368.355372 574.028494 348.166484 570.012675 329.331234 562.210859 
C 310.495984 554.409043 293.380671 542.972956 278.964795 528.55708 
C 264.548919 514.141204 253.112832 497.025891 245.311016 478.190641 
C 237.5092 459.355391 233.493381 439.166503 233.493381 418.779375 
C 233.493381 398.392247 237.5092 378.203359 245.311016 359.368109 
C 253.112832 340.532859 264.548919 323.417546 278.964795 309.00167 
C 293.380671 294.585794 310.495984 283.149707 329.331234 275.347891 
C 348.166484 267.546075 368.355372 263.530256 388.7425 263.530256 
" clip-path="url(#p6e3f3d86c5)" style="fill: none; stroke: #b0b0b0; stroke-width: 1.5; stroke-linecap: square"/>
     </g>
     <g id="text_18">
      <text style="font: 16px 'DejaVu Sans', 'Bitstream Vera Sans', 'Computer Modern Sans Serif', 'Lucida Grande', 'Verdana', 'Geneva', 'Lucid', 'Arial', 'Helvetica', 'Avant Garde', sans-serif; text-anchor: start" x="448.153766" y="272.020391" transform="rotate(-0 448.153766 272.020391)">0.04</text>
     </g>
    </g>
    <g id="ytick_3">
     <g id="line2d_20">
      <path d="M 388.7425 171.958667 
C 421.154698 171.958667 453.251729 178.343163 483.196696 190.746774 
C 513.141663 203.150386 540.352211 221.331893 563.271097 244.250778 
C 586.189982 267.169664 604.371489 294.380212 616.775101 324.325179 
C 629.178712 354.270146 635.563208 386.367177 635.563208 418.779375 
C 635.563208 451.191573 629.178712 483.288604 616.775101 513.233571 
C 604.371489 543.178538 586.189982 570.389086 563.271097 593.307972 
C 540.352211 616.226857 513.141663 634.408364 483.196696 646.811976 
C 453.251729 659.215587 421.154698 665.600083 388.7425 665.600083 
C 356.330302 665.600083 324.233271 659.215587 294.288304 646.811976 
C 264.343337 634.408364 237.132789 616.226857 214.213903 593.307972 
C 191.295018 570.389086 173.113511 543.178538 160.709899 513.233571 
C 148.306288 483.288604 141.921792 451.191573 141.921792 418.779375 
C 141.921792 386.367177 148.306288 354.270146 160.709899 324.325179 
C 173.113511 294.380212 191.295018 267.169664 214.213903 244.250778 
C 237.132789 221.331893 264.343337 203.150386 294.288304 190.746774 
C 324.233271 178.343163 356.330302 171.958667 388.7425 171.958667 
" clip-path="url(#p6e3f3d86c5)" style="fill: none; stroke: #b0b0b0; stroke-width: 1.5; stroke-linecap: square"/>
     </g>
     <g id="text_19">
      <text style="font: 16px 'DejaVu Sans', 'Bitstream Vera Sans', 'Computer Modern Sans Serif', 'Lucida Grande', 'Verdana', 'Geneva', 'Lucid', 'Arial', 'Helvetica', 'Avant Garde', sans-serif; text-anchor: start" x="483.196696" y="187.419274" transform="rotate(-0 483.196696 187.419274)">0.06</text>
     </g>
    </g>
   </g>
   <g id="line2d_21">
    <path d="M 388.7425 362.743124 
L 508.439393 129.805512 
L 525.5679 281.953975 
L 433.043128 400.429454 
L 409.59595 418.779375 
L 398.715829 422.910463 
L 406.973152 437.010027 
L 388.7425 418.779375 
L 388.7425 474.815626 
L 269.045607 707.753238 
L 251.9171 555.604775 
L 344.441872 437.129296 
L 367.88905 418.779375 
L 378.769171 414.648287 
L 370.511848 400.548723 
L 388.7425 418.779375 
L 388.7425 362.743124 
" clip-path="url(#p6e3f3d86c5)" style="fill: none; stroke: #d1a6de; stroke-opacity: 0.7; stroke-width: 10; stroke-linecap: square"/>
   </g>
   <g id="line2d_22">
    <path d="M 388.7425 373.661847 
L 514.927357 114.142183 
L 623.9545 183.567375 
L 473.833562 383.533503 
L 448.758214 418.779375 
L 419.52396 431.529473 
L 517.568406 547.605281 
L 402.250324 451.390147 
L 388.7425 463.896903 
L 262.557643 723.416567 
L 153.5305 653.991375 
L 303.651438 454.025247 
L 328.726786 418.779375 
L 357.96104 406.029277 
L 259.916594 289.953469 
L 375.234676 386.168603 
L 388.7425 373.661847 
" clip-path="url(#p6e3f3d86c5)" style="fill: none; stroke: #c715f4; stroke-opacity: 0.7; stroke-width: 10; stroke-linecap: square"/>
   </g>
   <g id="patch_3">
    <path d="M 388.7425 86.139375 
C 345.060615 86.139375 301.803482 94.743754 261.446683 111.460087 
C 221.089884 128.176421 184.418257 152.679619 153.5305 183.567375 
C 122.642744 214.455132 98.139546 251.126759 81.423212 291.483558 
C 64.706879 331.840357 56.1025 375.09749 56.1025 418.779375 
C 56.1025 462.46126 64.706879 505.718393 81.423212 546.075192 
C 98.139546 586.431991 122.642744 623.103618 153.5305 653.991375 
C 184.418257 684.879131 221.089884 709.382329 261.446683 726.098663 
C 301.803482 742.814996 345.060615 751.419375 388.7425 751.419375 
C 432.424385 751.419375 475.681518 742.814996 516.038317 726.098663 
C 556.395116 709.382329 593.066743 684.879131 623.9545 653.991375 
C 654.842256 623.103618 679.345454 586.431991 696.061788 546.075192 
C 712.778121 505.718393 721.3825 462.46126 721.3825 418.779375 
C 721.3825 375.09749 712.778121 331.840357 696.061788 291.483558 
C 679.345454 251.126759 654.842256 214.455132 623.9545 183.567375 
C 593.066743 152.679619 556.395116 128.176421 516.038317 111.460087 
C 475.681518 94.743754 432.424385 86.139375 388.7425 86.139375 
" style="fill: none; stroke: #000000; stroke-width: 1.875; stroke-linejoin: miter; stroke-linecap: square"/>
   </g>
   <g id="text_20">
    <text style="font: 20px 'DejaVu Sans', 'Bitstream Vera Sans', 'Computer Modern Sans Serif', 'Lucida Grande', 'Verdana', 'Geneva', 'Lucid', 'Arial', 'Helvetica', 'Avant Garde', sans-serif; text-anchor: middle" x="388.7425" y="22.396875" transform="rotate(-0 388.7425 22.396875)">cell 230228_002_43 in LI</text>
   </g>
   <g id="legend_1">
    <g id="line2d_23">
     <path d="M 667.7245 36.901312 
L 680.9245 36.901312 
L 694.1245 36.901312 
" style="fill: none; stroke: #d1a6de; stroke-opacity: 0.7; stroke-width: 10; stroke-linecap: square"/>
    </g>
    <g id="text_21">
     <text style="font: 13.2px 'DejaVu Sans', 'Bitstream Vera Sans', 'Computer Modern Sans Serif', 'Lucida Grande', 'Verdana', 'Geneva', 'Lucid', 'Arial', 'Helvetica', 'Avant Garde', sans-serif; text-anchor: start" x="704.6845" y="41.521312" transform="rotate(-0 704.6845 41.521312)">unadapted</text>
    </g>
    <g id="line2d_24">
     <path d="M 667.7245 56.276437 
L 680.9245 56.276437 
L 694.1245 56.276437 
" style="fill: none; stroke: #c715f4; stroke-opacity: 0.7; stroke-width: 10; stroke-linecap: square"/>
    </g>
    <g id="text_22">
     <text style="font: 13.2px 'DejaVu Sans', 'Bitstream Vera Sans', 'Computer Modern Sans Serif', 'Lucida Grande', 'Verdana', 'Geneva', 'Lucid', 'Arial', 'Helvetica', 'Avant Garde', sans-serif; text-anchor: start" x="704.6845" y="60.896437" transform="rotate(-0 704.6845 60.896437)">adapted</text>
    </g>
   </g>
  </g>
 </g>
 <defs>
  <clipPath id="p6e3f3d86c5">
   <path d="M 721.3825 418.779375 
C 721.3825 375.09749 712.778121 331.840357 696.061788 291.483558 
C 679.345454 251.126759 654.842256 214.455132 623.9545 183.567375 
C 593.066743 152.679619 556.395116 128.176421 516.038317 111.460087 
C 475.681518 94.743754 432.424385 86.139375 388.7425 86.139375 
C 345.060615 86.139375 301.803482 94.743754 261.446683 111.460087 
C 221.089884 128.176421 184.418257 152.679619 153.5305 183.567375 
C 122.642744 214.455132 98.139546 251.126759 81.423212 291.483558 
C 64.706879 331.840357 56.1025 375.09749 56.1025 418.779375 
C 56.1025 462.46126 64.706879 505.718393 81.423212 546.075192 
C 98.139546 586.431991 122.642744 623.103618 153.5305 653.991375 
C 184.418257 684.879131 221.089884 709.382329 261.446683 726.098663 
C 301.803482 742.814996 345.060615 751.419375 388.7425 751.419375 
C 432.424385 751.419375 475.681518 742.814996 516.038317 726.098663 
C 556.395116 709.382329 593.066743 684.879131 623.9545 653.991375 
C 654.842256 623.103618 679.345454 586.431991 696.061788 546.075192 
C 712.778121 505.718393 721.3825 462.46126 721.3825 418.779375 
M 388.7425 418.779375 
C 388.7425 418.779375 388.7425 418.779375 388.7425 418.779375 
C 388.7425 418.779375 388.7425 418.779375 388.7425 418.779375 
C 388.7425 418.779375 388.7425 418.779375 388.7425 418.779375 
C 388.7425 418.779375 388.7425 418.779375 388.7425 418.779375 
C 388.7425 418.779375 388.7425 418.779375 388.7425 418.779375 
C 388.7425 418.779375 388.7425 418.779375 388.7425 418.779375 
C 388.7425 418.779375 388.7425 418.779375 388.7425 418.779375 
C 388.7425 418.779375 388.7425 418.779375 388.7425 418.779375 
C 388.7425 418.779375 388.7425 418.779375 388.7425 418.779375 
C 388.7425 418.779375 388.7425 418.779375 388.7425 418.779375 
C 388.7425 418.779375 388.7425 418.779375 388.7425 418.779375 
C 388.7425 418.779375 388.7425 418.779375 388.7425 418.779375 
C 388.7425 418.779375 388.7425 418.779375 388.7425 418.779375 
C 388.7425 418.779375 388.7425 418.779375 388.7425 418.779375 
C 388.7425 418.779375 388.7425 418.779375 388.7425 418.779375 
C 388.7425 418.779375 388.7425 418.779375 388.7425 418.779375 
z
"/>
  </clipPath>
 </defs>
</svg>
