<?xml version="1.0" encoding="utf-8" standalone="no"?>
<!DOCTYPE svg PUBLIC "-//W3C//DTD SVG 1.1//EN"
  "http://www.w3.org/Graphics/SVG/1.1/DTD/svg11.dtd">
<svg xmlns:xlink="http://www.w3.org/1999/xlink" width="176.192669pt" height="100.900169pt" viewBox="0 0 176.192669 100.900169" xmlns="http://www.w3.org/2000/svg" version="1.1">
 <metadata>
  <rdf:RDF xmlns:dc="http://purl.org/dc/elements/1.1/" xmlns:cc="http://creativecommons.org/ns#" xmlns:rdf="http://www.w3.org/1999/02/22-rdf-syntax-ns#">
   <cc:Work>
    <dc:type rdf:resource="http://purl.org/dc/dcmitype/StillImage"/>
    <dc:date>2023-12-19T11:56:12.434613</dc:date>
    <dc:format>image/svg+xml</dc:format>
    <dc:creator>
     <cc:Agent>
      <dc:title>Matplotlib v3.7.2, https://matplotlib.org/</dc:title>
     </cc:Agent>
    </dc:creator>
   </cc:Work>
  </rdf:RDF>
 </metadata>
 <defs>
  <style type="text/css">*{stroke-linejoin: round; stroke-linecap: butt}</style>
 </defs>
 <g id="figure_1">
  <g id="patch_1">
   <path d="M 0 100.900169 
L 176.192669 100.900169 
L 176.192669 0 
L 0 0 
z
" style="fill: #ffffff"/>
  </g>
  <g id="axes_1">
   <g id="patch_2">
    <path d="M 83.592669 50.450085 
C 83.592669 46.592091 82.832729 42.771612 81.356339 39.207291 
C 79.879949 35.64297 77.715821 32.404125 74.987808 29.676111 
C 72.259795 26.948098 69.020949 24.783971 65.456628 23.307581 
C 61.892307 21.831191 58.071828 21.07125 54.213835 21.07125 
C 50.355841 21.07125 46.535362 21.831191 42.971041 23.307581 
C 39.40672 24.783971 36.167875 26.948098 33.439861 29.676111 
C 30.711848 32.404125 28.547721 35.64297 27.071331 39.207291 
C 25.594941 42.771612 24.835 46.592091 24.835 50.450085 
C 24.835 54.308078 25.594941 58.128557 27.071331 61.692878 
C 28.547721 65.257199 30.711848 68.496045 33.439861 71.224058 
C 36.167875 73.952071 39.40672 76.116199 42.971041 77.592589 
C 46.535362 79.068979 50.355841 79.828919 54.213835 79.828919 
C 58.071828 79.828919 61.892307 79.068979 65.456628 77.592589 
C 69.020949 76.116199 72.259795 73.952071 74.987808 71.224058 
C 77.715821 68.496045 79.879949 65.257199 81.356339 61.692878 
C 82.832729 58.128557 83.592669 54.308078 83.592669 50.450085 
M 54.213835 50.450085 
C 54.213835 50.450085 54.213835 50.450085 54.213835 50.450085 
C 54.213835 50.450085 54.213835 50.450085 54.213835 50.450085 
C 54.213835 50.450085 54.213835 50.450085 54.213835 50.450085 
C 54.213835 50.450085 54.213835 50.450085 54.213835 50.450085 
C 54.213835 50.450085 54.213835 50.450085 54.213835 50.450085 
C 54.213835 50.450085 54.213835 50.450085 54.213835 50.450085 
C 54.213835 50.450085 54.213835 50.450085 54.213835 50.450085 
C 54.213835 50.450085 54.213835 50.450085 54.213835 50.450085 
C 54.213835 50.450085 54.213835 50.450085 54.213835 50.450085 
C 54.213835 50.450085 54.213835 50.450085 54.213835 50.450085 
C 54.213835 50.450085 54.213835 50.450085 54.213835 50.450085 
C 54.213835 50.450085 54.213835 50.450085 54.213835 50.450085 
C 54.213835 50.450085 54.213835 50.450085 54.213835 50.450085 
C 54.213835 50.450085 54.213835 50.450085 54.213835 50.450085 
C 54.213835 50.450085 54.213835 50.450085 54.213835 50.450085 
C 54.213835 50.450085 54.213835 50.450085 54.213835 50.450085 
z
" style="fill: #ffffff"/>
   </g>
   <g id="line2d_1">
    <path d="M 54.213835 21.07125 
L 65.382489 23.486569 
L 60.619194 44.044725 
L 65.365151 45.831058 
L 54.213835 50.450085 
L 59.599997 52.681106 
L 59.418364 55.654614 
L 59.280403 62.681862 
L 54.213835 79.828919 
L 43.045181 77.413601 
L 47.808475 56.855444 
L 43.062518 55.069111 
L 54.213835 50.450085 
L 48.827672 48.219063 
L 49.009305 45.245555 
L 49.147267 38.218308 
L 54.213835 21.07125 
" clip-path="url(#p1227e23d13)" style="fill: none; stroke: #d1a6de; stroke-opacity: 0.9; stroke-linecap: square"/>
   </g>
   <g id="line2d_2">
    <path d="M 54.213835 37.961835 
L 64.533627 25.535902 
L 58.540721 46.123198 
L 61.203117 47.555029 
L 54.535658 50.450085 
L 57.912699 51.982204 
L 56.821515 53.057765 
L 57.493373 58.36759 
L 54.213835 62.938334 
L 43.894042 75.364267 
L 49.886948 54.776971 
L 47.224552 53.34514 
L 53.892011 50.450085 
L 50.51497 48.917965 
L 51.606154 47.842404 
L 50.934297 42.532579 
L 54.213835 37.961835 
" clip-path="url(#p1227e23d13)" style="fill: none; stroke: #8c75e6; stroke-opacity: 0.7; stroke-linecap: square"/>
   </g>
   <g id="matplotlib.axis_1">
    <g id="xtick_1">
     <g id="line2d_3">
      <path d="M 54.213835 50.450085 
L 54.213835 21.07125 
" clip-path="url(#p1227e23d13)" style="fill: none; stroke: #b0b0b0; stroke-opacity: 0.5; stroke-width: 0.5; stroke-linecap: square"/>
     </g>
     <g id="text_1">
      <text style="font: 8px 'DejaVu Sans', 'Bitstream Vera Sans', 'Computer Modern Sans Serif', 'Lucida Grande', 'Verdana', 'Geneva', 'Lucid', 'Arial', 'Helvetica', 'Avant Garde', sans-serif; text-anchor: middle" x="54.213835" y="13.27875" transform="rotate(-0 54.213835 13.27875)">0</text>
     </g>
    </g>
    <g id="xtick_2">
     <g id="line2d_4">
      <path d="M 54.213835 50.450085 
L 65.456628 23.307581 
" clip-path="url(#p1227e23d13)" style="fill: none; stroke: #b0b0b0; stroke-opacity: 0.5; stroke-width: 0.5; stroke-linecap: square"/>
     </g>
    </g>
    <g id="xtick_3">
     <g id="line2d_5">
      <path d="M 54.213835 50.450085 
L 74.987808 29.676111 
" clip-path="url(#p1227e23d13)" style="fill: none; stroke: #b0b0b0; stroke-opacity: 0.5; stroke-width: 0.5; stroke-linecap: square"/>
     </g>
    </g>
    <g id="xtick_4">
     <g id="line2d_6">
      <path d="M 54.213835 50.450085 
L 81.356339 39.207291 
" clip-path="url(#p1227e23d13)" style="fill: none; stroke: #b0b0b0; stroke-opacity: 0.5; stroke-width: 0.5; stroke-linecap: square"/>
     </g>
    </g>
    <g id="xtick_5">
     <g id="line2d_7">
      <path d="M 54.213835 50.450085 
L 83.592669 50.450085 
" clip-path="url(#p1227e23d13)" style="fill: none; stroke: #b0b0b0; stroke-opacity: 0.5; stroke-width: 0.5; stroke-linecap: square"/>
     </g>
     <g id="text_2">
      <text style="font: 8px 'DejaVu Sans', 'Bitstream Vera Sans', 'Computer Modern Sans Serif', 'Lucida Grande', 'Verdana', 'Geneva', 'Lucid', 'Arial', 'Helvetica', 'Avant Garde', sans-serif; text-anchor: middle" x="93.592669" y="52.657585" transform="rotate(-0 93.592669 52.657585)">90</text>
     </g>
    </g>
    <g id="xtick_6">
     <g id="line2d_8">
      <path d="M 54.213835 50.450085 
L 81.356339 61.692878 
" clip-path="url(#p1227e23d13)" style="fill: none; stroke: #b0b0b0; stroke-opacity: 0.5; stroke-width: 0.5; stroke-linecap: square"/>
     </g>
    </g>
    <g id="xtick_7">
     <g id="line2d_9">
      <path d="M 54.213835 50.450085 
L 74.987808 71.224058 
" clip-path="url(#p1227e23d13)" style="fill: none; stroke: #b0b0b0; stroke-opacity: 0.5; stroke-width: 0.5; stroke-linecap: square"/>
     </g>
    </g>
    <g id="xtick_8">
     <g id="line2d_10">
      <path d="M 54.213835 50.450085 
L 65.456628 77.592589 
" clip-path="url(#p1227e23d13)" style="fill: none; stroke: #b0b0b0; stroke-opacity: 0.5; stroke-width: 0.5; stroke-linecap: square"/>
     </g>
    </g>
    <g id="xtick_9">
     <g id="line2d_11">
      <path d="M 54.213835 50.450085 
L 54.213835 79.828919 
" clip-path="url(#p1227e23d13)" style="fill: none; stroke: #b0b0b0; stroke-opacity: 0.5; stroke-width: 0.5; stroke-linecap: square"/>
     </g>
     <g id="text_3">
      <text style="font: 8px 'DejaVu Sans', 'Bitstream Vera Sans', 'Computer Modern Sans Serif', 'Lucida Grande', 'Verdana', 'Geneva', 'Lucid', 'Arial', 'Helvetica', 'Avant Garde', sans-serif; text-anchor: middle" x="54.213835" y="92.036419" transform="rotate(-0 54.213835 92.036419)">180</text>
     </g>
    </g>
    <g id="xtick_10">
     <g id="line2d_12">
      <path d="M 54.213835 50.450085 
L 42.971041 77.592589 
" clip-path="url(#p1227e23d13)" style="fill: none; stroke: #b0b0b0; stroke-opacity: 0.5; stroke-width: 0.5; stroke-linecap: square"/>
     </g>
    </g>
    <g id="xtick_11">
     <g id="line2d_13">
      <path d="M 54.213835 50.450085 
L 33.439861 71.224058 
" clip-path="url(#p1227e23d13)" style="fill: none; stroke: #b0b0b0; stroke-opacity: 0.5; stroke-width: 0.5; stroke-linecap: square"/>
     </g>
    </g>
    <g id="xtick_12">
     <g id="line2d_14">
      <path d="M 54.213835 50.450085 
L 27.071331 61.692878 
" clip-path="url(#p1227e23d13)" style="fill: none; stroke: #b0b0b0; stroke-opacity: 0.5; stroke-width: 0.5; stroke-linecap: square"/>
     </g>
    </g>
    <g id="xtick_13">
     <g id="line2d_15">
      <path d="M 54.213835 50.450085 
L 24.835 50.450085 
" clip-path="url(#p1227e23d13)" style="fill: none; stroke: #b0b0b0; stroke-opacity: 0.5; stroke-width: 0.5; stroke-linecap: square"/>
     </g>
     <g id="text_4">
      <text style="font: 8px 'DejaVu Sans', 'Bitstream Vera Sans', 'Computer Modern Sans Serif', 'Lucida Grande', 'Verdana', 'Geneva', 'Lucid', 'Arial', 'Helvetica', 'Avant Garde', sans-serif; text-anchor: middle" x="14.835" y="52.657585" transform="rotate(-0 14.835 52.657585)">270</text>
     </g>
    </g>
    <g id="xtick_14">
     <g id="line2d_16">
      <path d="M 54.213835 50.450085 
L 27.071331 39.207291 
" clip-path="url(#p1227e23d13)" style="fill: none; stroke: #b0b0b0; stroke-opacity: 0.5; stroke-width: 0.5; stroke-linecap: square"/>
     </g>
    </g>
    <g id="xtick_15">
     <g id="line2d_17">
      <path d="M 54.213835 50.450085 
L 33.439861 29.676111 
" clip-path="url(#p1227e23d13)" style="fill: none; stroke: #b0b0b0; stroke-opacity: 0.5; stroke-width: 0.5; stroke-linecap: square"/>
     </g>
    </g>
    <g id="xtick_16">
     <g id="line2d_18">
      <path d="M 54.213835 50.450085 
L 42.971041 23.307581 
" clip-path="url(#p1227e23d13)" style="fill: none; stroke: #b0b0b0; stroke-opacity: 0.5; stroke-width: 0.5; stroke-linecap: square"/>
     </g>
    </g>
    <g id="xtick_17">
     <g id="line2d_19">
      <path d="M 54.213835 50.450085 
L 54.213835 21.07125 
" clip-path="url(#p1227e23d13)" style="fill: none; stroke: #b0b0b0; stroke-opacity: 0.5; stroke-width: 0.5; stroke-linecap: square"/>
     </g>
    </g>
   </g>
   <g id="matplotlib.axis_2">
    <g id="ytick_1">
     <g id="line2d_20">
      <path d="M 54.213835 35.672141 
C 56.154456 35.672141 58.076208 36.054401 59.869109 36.797045 
C 61.66201 37.539688 63.291192 38.628273 64.663419 40.0005 
C 66.035646 41.372727 67.124231 43.001909 67.866875 44.79481 
C 68.609519 46.587711 68.991779 48.509463 68.991779 50.450085 
C 68.991779 52.390706 68.609519 54.312458 67.866875 56.105359 
C 67.124231 57.89826 66.035646 59.527442 64.663419 60.899669 
C 63.291192 62.271896 61.66201 63.360481 59.869109 64.103125 
C 58.076208 64.845769 56.154456 65.228029 54.213835 65.228029 
C 52.273213 65.228029 50.351461 64.845769 48.55856 64.103125 
C 46.765659 63.360481 45.136477 62.271896 43.76425 60.899669 
C 42.392023 59.527442 41.303438 57.89826 40.560795 56.105359 
C 39.818151 54.312458 39.435891 52.390706 39.435891 50.450085 
C 39.435891 48.509463 39.818151 46.587711 40.560795 44.79481 
C 41.303438 43.001909 42.392023 41.372727 43.76425 40.0005 
C 45.136477 38.628273 46.765659 37.539688 48.55856 36.797045 
C 50.351461 36.054401 52.273213 35.672141 54.213835 35.672141 
" clip-path="url(#p1227e23d13)" style="fill: none; stroke: #b0b0b0; stroke-opacity: 0.5; stroke-width: 0.5; stroke-linecap: square"/>
     </g>
     <g id="text_5">
      <text style="font: 6px 'DejaVu Sans', 'Bitstream Vera Sans', 'Computer Modern Sans Serif', 'Lucida Grande', 'Verdana', 'Geneva', 'Lucid', 'Arial', 'Helvetica', 'Avant Garde', sans-serif; text-anchor: start" x="68.991779" y="49.202272" transform="rotate(-0 68.991779 49.202272)">0.26</text>
     </g>
    </g>
   </g>
   <g id="patch_3">
    <path d="M 54.213835 21.07125 
C 50.355841 21.07125 46.535362 21.831191 42.971041 23.307581 
C 39.40672 24.783971 36.167875 26.948098 33.439861 29.676111 
C 30.711848 32.404125 28.547721 35.64297 27.071331 39.207291 
C 25.594941 42.771612 24.835 46.592091 24.835 50.450085 
C 24.835 54.308078 25.594941 58.128557 27.071331 61.692878 
C 28.547721 65.257199 30.711848 68.496045 33.439861 71.224058 
C 36.167875 73.952071 39.40672 76.116199 42.971041 77.592589 
C 46.535362 79.068979 50.355841 79.828919 54.213835 79.828919 
C 58.071828 79.828919 61.892307 79.068979 65.456628 77.592589 
C 69.020949 76.116199 72.259795 73.952071 74.987808 71.224058 
C 77.715821 68.496045 79.879949 65.257199 81.356339 61.692878 
C 82.832729 58.128557 83.592669 54.308078 83.592669 50.450085 
C 83.592669 46.592091 82.832729 42.771612 81.356339 39.207291 
C 79.879949 35.64297 77.715821 32.404125 74.987808 29.676111 
C 72.259795 26.948098 69.020949 24.783971 65.456628 23.307581 
C 61.892307 21.831191 58.071828 21.07125 54.213835 21.07125 
" style="fill: none; stroke: #000000; stroke-linejoin: miter; stroke-linecap: square"/>
   </g>
   <g id="legend_1">
    <g id="line2d_21">
     <path d="M 90.792669 19.798466 
L 98.792669 19.798466 
L 106.792669 19.798466 
" style="fill: none; stroke: #d1a6de; stroke-opacity: 0.9; stroke-linecap: square"/>
    </g>
    <g id="text_6">
     <text style="font: 8px 'DejaVu Sans', 'Bitstream Vera Sans', 'Computer Modern Sans Serif', 'Lucida Grande', 'Verdana', 'Geneva', 'Lucid', 'Arial', 'Helvetica', 'Avant Garde', sans-serif; text-anchor: start" x="113.192669" y="22.598466" transform="rotate(-0 113.192669 22.598466)">LI unadapted</text>
    </g>
    <g id="line2d_22">
     <path d="M 90.792669 31.540966 
L 98.792669 31.540966 
L 106.792669 31.540966 
" style="fill: none; stroke: #8c75e6; stroke-opacity: 0.7; stroke-linecap: square"/>
    </g>
    <g id="text_7">
     <text style="font: 8px 'DejaVu Sans', 'Bitstream Vera Sans', 'Computer Modern Sans Serif', 'Lucida Grande', 'Verdana', 'Geneva', 'Lucid', 'Arial', 'Helvetica', 'Avant Garde', sans-serif; text-anchor: start" x="113.192669" y="34.340966" transform="rotate(-0 113.192669 34.340966)">LI adapted</text>
    </g>
   </g>
  </g>
 </g>
 <defs>
  <clipPath id="p1227e23d13">
   <path d="M 83.592669 50.450085 
C 83.592669 46.592091 82.832729 42.771612 81.356339 39.207291 
C 79.879949 35.64297 77.715821 32.404125 74.987808 29.676111 
C 72.259795 26.948098 69.020949 24.783971 65.456628 23.307581 
C 61.892307 21.831191 58.071828 21.07125 54.213835 21.07125 
C 50.355841 21.07125 46.535362 21.831191 42.971041 23.307581 
C 39.40672 24.783971 36.167875 26.948098 33.439861 29.676111 
C 30.711848 32.404125 28.547721 35.64297 27.071331 39.207291 
C 25.594941 42.771612 24.835 46.592091 24.835 50.450085 
C 24.835 54.308078 25.594941 58.128557 27.071331 61.692878 
C 28.547721 65.257199 30.711848 68.496045 33.439861 71.224058 
C 36.167875 73.952071 39.40672 76.116199 42.971041 77.592589 
C 46.535362 79.068979 50.355841 79.828919 54.213835 79.828919 
C 58.071828 79.828919 61.892307 79.068979 65.456628 77.592589 
C 69.020949 76.116199 72.259795 73.952071 74.987808 71.224058 
C 77.715821 68.496045 79.879949 65.257199 81.356339 61.692878 
C 82.832729 58.128557 83.592669 54.308078 83.592669 50.450085 
M 54.213835 50.450085 
C 54.213835 50.450085 54.213835 50.450085 54.213835 50.450085 
C 54.213835 50.450085 54.213835 50.450085 54.213835 50.450085 
C 54.213835 50.450085 54.213835 50.450085 54.213835 50.450085 
C 54.213835 50.450085 54.213835 50.450085 54.213835 50.450085 
C 54.213835 50.450085 54.213835 50.450085 54.213835 50.450085 
C 54.213835 50.450085 54.213835 50.450085 54.213835 50.450085 
C 54.213835 50.450085 54.213835 50.450085 54.213835 50.450085 
C 54.213835 50.450085 54.213835 50.450085 54.213835 50.450085 
C 54.213835 50.450085 54.213835 50.450085 54.213835 50.450085 
C 54.213835 50.450085 54.213835 50.450085 54.213835 50.450085 
C 54.213835 50.450085 54.213835 50.450085 54.213835 50.450085 
C 54.213835 50.450085 54.213835 50.450085 54.213835 50.450085 
C 54.213835 50.450085 54.213835 50.450085 54.213835 50.450085 
C 54.213835 50.450085 54.213835 50.450085 54.213835 50.450085 
C 54.213835 50.450085 54.213835 50.450085 54.213835 50.450085 
C 54.213835 50.450085 54.213835 50.450085 54.213835 50.450085 
z
"/>
  </clipPath>
 </defs>
</svg>
