<?xml version="1.0" encoding="utf-8" standalone="no"?>
<!DOCTYPE svg PUBLIC "-//W3C//DTD SVG 1.1//EN"
  "http://www.w3.org/Graphics/SVG/1.1/DTD/svg11.dtd">
<svg xmlns:xlink="http://www.w3.org/1999/xlink" width="482.01075pt" height="461.6575pt" viewBox="0 0 482.01075 461.6575" xmlns="http://www.w3.org/2000/svg" version="1.1">
 <metadata>
  <rdf:RDF xmlns:dc="http://purl.org/dc/elements/1.1/" xmlns:cc="http://creativecommons.org/ns#" xmlns:rdf="http://www.w3.org/1999/02/22-rdf-syntax-ns#">
   <cc:Work>
    <dc:type rdf:resource="http://purl.org/dc/dcmitype/StillImage"/>
    <dc:date>2023-12-02T21:34:12.331151</dc:date>
    <dc:format>image/svg+xml</dc:format>
    <dc:creator>
     <cc:Agent>
      <dc:title>Matplotlib v3.7.2, https://matplotlib.org/</dc:title>
     </cc:Agent>
    </dc:creator>
   </cc:Work>
  </rdf:RDF>
 </metadata>
 <defs>
  <style type="text/css">*{stroke-linejoin: round; stroke-linecap: butt}</style>
 </defs>
 <g id="figure_1">
  <g id="patch_1">
   <path d="M 0 461.6575 
L 482.01075 461.6575 
L 482.01075 0 
L 0 0 
z
" style="fill: #ffffff"/>
  </g>
  <g id="axes_1">
   <g id="patch_2">
    <path d="M 383.01875 253.427187 
C 383.01875 231.586245 378.716561 209.957679 370.358394 189.779279 
C 362.000227 169.600879 349.748628 151.265066 334.30475 135.821188 
C 318.860871 120.377309 300.525058 108.12571 280.346658 99.767544 
C 260.168259 91.409377 238.539692 87.107187 216.69875 87.107187 
C 194.857808 87.107187 173.229241 91.409377 153.050842 99.767544 
C 132.872442 108.12571 114.536629 120.377309 99.09275 135.821188 
C 83.648872 151.265066 71.397273 169.600879 63.039106 189.779279 
C 54.680939 209.957679 50.37875 231.586245 50.37875 253.427187 
C 50.37875 275.26813 54.680939 296.896696 63.039106 317.075096 
C 71.397273 337.253496 83.648872 355.589309 99.09275 371.033187 
C 114.536629 386.477066 132.872442 398.728665 153.050842 407.086831 
C 173.229241 415.444998 194.857808 419.747187 216.69875 419.747187 
C 238.539692 419.747187 260.168259 415.444998 280.346658 407.086831 
C 300.525058 398.728665 318.860871 386.477066 334.30475 371.033187 
C 349.748628 355.589309 362.000227 337.253496 370.358394 317.075096 
C 378.716561 296.896696 383.01875 275.26813 383.01875 253.427187 
M 216.69875 253.427187 
C 216.69875 253.427187 216.69875 253.427187 216.69875 253.427187 
C 216.69875 253.427187 216.69875 253.427187 216.69875 253.427187 
C 216.69875 253.427187 216.69875 253.427187 216.69875 253.427187 
C 216.69875 253.427187 216.69875 253.427187 216.69875 253.427187 
C 216.69875 253.427187 216.69875 253.427187 216.69875 253.427187 
C 216.69875 253.427187 216.69875 253.427187 216.69875 253.427187 
C 216.69875 253.427187 216.69875 253.427187 216.69875 253.427187 
C 216.69875 253.427187 216.69875 253.427187 216.69875 253.427187 
C 216.69875 253.427187 216.69875 253.427187 216.69875 253.427187 
C 216.69875 253.427187 216.69875 253.427187 216.69875 253.427187 
C 216.69875 253.427187 216.69875 253.427187 216.69875 253.427187 
C 216.69875 253.427187 216.69875 253.427187 216.69875 253.427187 
C 216.69875 253.427187 216.69875 253.427187 216.69875 253.427187 
C 216.69875 253.427187 216.69875 253.427187 216.69875 253.427187 
C 216.69875 253.427187 216.69875 253.427187 216.69875 253.427187 
C 216.69875 253.427187 216.69875 253.427187 216.69875 253.427187 
z
" style="fill: #ffffff"/>
   </g>
   <g id="matplotlib.axis_1">
    <g id="xtick_1">
     <g id="line2d_1">
      <path d="M 216.69875 253.427187 
L 216.69875 87.107187 
" clip-path="url(#p839e204f55)" style="fill: none; stroke: #b0b0b0; stroke-width: 1.5; stroke-linecap: square"/>
     </g>
     <g id="text_1">
      <text style="font: 18px 'DejaVu Sans', 'Bitstream Vera Sans', 'Computer Modern Sans Serif', 'Lucida Grande', 'Verdana', 'Geneva', 'Lucid', 'Arial', 'Helvetica', 'Avant Garde', sans-serif; text-anchor: middle" x="216.69875" y="66.074062" transform="rotate(-0 216.69875 66.074062)">0</text>
     </g>
    </g>
    <g id="xtick_2">
     <g id="line2d_2">
      <path d="M 216.69875 253.427187 
L 280.346658 99.767544 
" clip-path="url(#p839e204f55)" style="fill: none; stroke: #b0b0b0; stroke-width: 1.5; stroke-linecap: square"/>
     </g>
    </g>
    <g id="xtick_3">
     <g id="line2d_3">
      <path d="M 216.69875 253.427187 
L 334.30475 135.821188 
" clip-path="url(#p839e204f55)" style="fill: none; stroke: #b0b0b0; stroke-width: 1.5; stroke-linecap: square"/>
     </g>
    </g>
    <g id="xtick_4">
     <g id="line2d_4">
      <path d="M 216.69875 253.427187 
L 370.358394 189.779279 
" clip-path="url(#p839e204f55)" style="fill: none; stroke: #b0b0b0; stroke-width: 1.5; stroke-linecap: square"/>
     </g>
    </g>
    <g id="xtick_5">
     <g id="line2d_5">
      <path d="M 216.69875 253.427187 
L 383.01875 253.427187 
" clip-path="url(#p839e204f55)" style="fill: none; stroke: #b0b0b0; stroke-width: 1.5; stroke-linecap: square"/>
     </g>
     <g id="text_2">
      <text style="font: 18px 'DejaVu Sans', 'Bitstream Vera Sans', 'Computer Modern Sans Serif', 'Lucida Grande', 'Verdana', 'Geneva', 'Lucid', 'Arial', 'Helvetica', 'Avant Garde', sans-serif; text-anchor: middle" x="409.01875" y="258.394062" transform="rotate(-0 409.01875 258.394062)">90</text>
     </g>
    </g>
    <g id="xtick_6">
     <g id="line2d_6">
      <path d="M 216.69875 253.427187 
L 370.358394 317.075096 
" clip-path="url(#p839e204f55)" style="fill: none; stroke: #b0b0b0; stroke-width: 1.5; stroke-linecap: square"/>
     </g>
    </g>
    <g id="xtick_7">
     <g id="line2d_7">
      <path d="M 216.69875 253.427187 
L 334.30475 371.033187 
" clip-path="url(#p839e204f55)" style="fill: none; stroke: #b0b0b0; stroke-width: 1.5; stroke-linecap: square"/>
     </g>
    </g>
    <g id="xtick_8">
     <g id="line2d_8">
      <path d="M 216.69875 253.427187 
L 280.346658 407.086831 
" clip-path="url(#p839e204f55)" style="fill: none; stroke: #b0b0b0; stroke-width: 1.5; stroke-linecap: square"/>
     </g>
    </g>
    <g id="xtick_9">
     <g id="line2d_9">
      <path d="M 216.69875 253.427187 
L 216.69875 419.747187 
" clip-path="url(#p839e204f55)" style="fill: none; stroke: #b0b0b0; stroke-width: 1.5; stroke-linecap: square"/>
     </g>
     <g id="text_3">
      <text style="font: 18px 'DejaVu Sans', 'Bitstream Vera Sans', 'Computer Modern Sans Serif', 'Lucida Grande', 'Verdana', 'Geneva', 'Lucid', 'Arial', 'Helvetica', 'Avant Garde', sans-serif; text-anchor: middle" x="216.69875" y="450.714062" transform="rotate(-0 216.69875 450.714062)">180</text>
     </g>
    </g>
    <g id="xtick_10">
     <g id="line2d_10">
      <path d="M 216.69875 253.427187 
L 153.050842 407.086831 
" clip-path="url(#p839e204f55)" style="fill: none; stroke: #b0b0b0; stroke-width: 1.5; stroke-linecap: square"/>
     </g>
    </g>
    <g id="xtick_11">
     <g id="line2d_11">
      <path d="M 216.69875 253.427187 
L 99.09275 371.033187 
" clip-path="url(#p839e204f55)" style="fill: none; stroke: #b0b0b0; stroke-width: 1.5; stroke-linecap: square"/>
     </g>
    </g>
    <g id="xtick_12">
     <g id="line2d_12">
      <path d="M 216.69875 253.427187 
L 63.039106 317.075096 
" clip-path="url(#p839e204f55)" style="fill: none; stroke: #b0b0b0; stroke-width: 1.5; stroke-linecap: square"/>
     </g>
    </g>
    <g id="xtick_13">
     <g id="line2d_13">
      <path d="M 216.69875 253.427187 
L 50.37875 253.427187 
" clip-path="url(#p839e204f55)" style="fill: none; stroke: #b0b0b0; stroke-width: 1.5; stroke-linecap: square"/>
     </g>
     <g id="text_4">
      <text style="font: 18px 'DejaVu Sans', 'Bitstream Vera Sans', 'Computer Modern Sans Serif', 'Lucida Grande', 'Verdana', 'Geneva', 'Lucid', 'Arial', 'Helvetica', 'Avant Garde', sans-serif; text-anchor: middle" x="24.37875" y="258.394062" transform="rotate(-0 24.37875 258.394062)">270</text>
     </g>
    </g>
    <g id="xtick_14">
     <g id="line2d_14">
      <path d="M 216.69875 253.427187 
L 63.039106 189.779279 
" clip-path="url(#p839e204f55)" style="fill: none; stroke: #b0b0b0; stroke-width: 1.5; stroke-linecap: square"/>
     </g>
    </g>
    <g id="xtick_15">
     <g id="line2d_15">
      <path d="M 216.69875 253.427187 
L 99.09275 135.821188 
" clip-path="url(#p839e204f55)" style="fill: none; stroke: #b0b0b0; stroke-width: 1.5; stroke-linecap: square"/>
     </g>
    </g>
    <g id="xtick_16">
     <g id="line2d_16">
      <path d="M 216.69875 253.427187 
L 153.050842 99.767544 
" clip-path="url(#p839e204f55)" style="fill: none; stroke: #b0b0b0; stroke-width: 1.5; stroke-linecap: square"/>
     </g>
    </g>
    <g id="xtick_17">
     <g id="line2d_17">
      <path d="M 216.69875 253.427187 
L 216.69875 87.107187 
" clip-path="url(#p839e204f55)" style="fill: none; stroke: #b0b0b0; stroke-width: 1.5; stroke-linecap: square"/>
     </g>
    </g>
   </g>
   <g id="matplotlib.axis_2">
    <g id="ytick_1">
     <g id="line2d_18">
      <path d="M 216.69875 212.051083 
C 222.13221 212.051083 227.512837 213.121356 232.5327 215.200651 
C 237.552563 217.279946 242.114038 220.327827 245.956074 224.169863 
C 249.798111 228.0119 252.845991 232.573375 254.925286 237.593238 
C 257.004582 242.6131 258.074855 247.993727 258.074855 253.427187 
C 258.074855 258.860648 257.004582 264.241275 254.925286 269.261137 
C 252.845991 274.281 249.798111 278.842475 245.956074 282.684512 
C 242.114038 286.526548 237.552563 289.574429 232.5327 291.653724 
C 227.512837 293.733019 222.13221 294.803292 216.69875 294.803292 
C 211.26529 294.803292 205.884663 293.733019 200.8648 291.653724 
C 195.844937 289.574429 191.283462 286.526548 187.441426 282.684512 
C 183.599389 278.842475 180.551509 274.281 178.472214 269.261137 
C 176.392918 264.241275 175.322645 258.860648 175.322645 253.427187 
C 175.322645 247.993727 176.392918 242.6131 178.472214 237.593238 
C 180.551509 232.573375 183.599389 228.0119 187.441426 224.169863 
C 191.283462 220.327827 195.844937 217.279946 200.8648 215.200651 
C 205.884663 213.121356 211.26529 212.051083 216.69875 212.051083 
" clip-path="url(#p839e204f55)" style="fill: none; stroke: #b0b0b0; stroke-width: 1.5; stroke-linecap: square"/>
     </g>
     <g id="text_5">
      <text style="font: 16px 'DejaVu Sans', 'Bitstream Vera Sans', 'Computer Modern Sans Serif', 'Lucida Grande', 'Verdana', 'Geneva', 'Lucid', 'Arial', 'Helvetica', 'Avant Garde', sans-serif; text-anchor: start" x="258.074855" y="250.099687" transform="rotate(-0 258.074855 250.099687)">0.14</text>
     </g>
    </g>
    <g id="ytick_2">
     <g id="line2d_19">
      <path d="M 216.69875 169.766018 
C 227.685034 169.766018 238.56449 171.930076 248.714493 176.134345 
C 258.864497 180.338614 268.087654 186.501331 275.85613 194.269807 
C 283.624606 202.038283 289.787323 211.261441 293.991592 221.411444 
C 298.195861 231.561447 300.359919 242.440903 300.359919 253.427187 
C 300.359919 264.413472 298.195861 275.292928 293.991592 285.442931 
C 289.787323 295.592934 283.624606 304.816092 275.85613 312.584568 
C 268.087654 320.353044 258.864497 326.515761 248.714493 330.72003 
C 238.56449 334.924299 227.685034 337.088357 216.69875 337.088357 
C 205.712466 337.088357 194.83301 334.924299 184.683007 330.72003 
C 174.533003 326.515761 165.309846 320.353044 157.54137 312.584568 
C 149.772894 304.816092 143.610177 295.592934 139.405908 285.442931 
C 135.201639 275.292928 133.037581 264.413472 133.037581 253.427187 
C 133.037581 242.440903 135.201639 231.561447 139.405908 221.411444 
C 143.610177 211.261441 149.772894 202.038283 157.54137 194.269807 
C 165.309846 186.501331 174.533003 180.338614 184.683007 176.134345 
C 194.83301 171.930076 205.712466 169.766018 216.69875 169.766018 
" clip-path="url(#p839e204f55)" style="fill: none; stroke: #b0b0b0; stroke-width: 1.5; stroke-linecap: square"/>
     </g>
     <g id="text_6">
      <text style="font: 16px 'DejaVu Sans', 'Bitstream Vera Sans', 'Computer Modern Sans Serif', 'Lucida Grande', 'Verdana', 'Geneva', 'Lucid', 'Arial', 'Helvetica', 'Avant Garde', sans-serif; text-anchor: start" x="300.359919" y="250.099687" transform="rotate(-0 300.359919 250.099687)">0.26</text>
     </g>
    </g>
    <g id="ytick_3">
     <g id="line2d_20">
      <path d="M 216.69875 127.480953 
C 233.237858 127.480953 249.616144 130.738797 264.896287 137.06804 
C 280.17643 143.397282 294.061271 152.674836 305.756186 164.369751 
C 317.451102 176.064667 326.728655 189.949507 333.057898 205.22965 
C 339.38714 220.509794 342.644984 236.88808 342.644984 253.427187 
C 342.644984 269.966295 339.38714 286.344581 333.057898 301.624725 
C 326.728655 316.904868 317.451102 330.789708 305.756186 342.484624 
C 294.061271 354.179539 280.17643 363.457093 264.896287 369.786335 
C 249.616144 376.115578 233.237858 379.373422 216.69875 379.373422 
C 200.159642 379.373422 183.781356 376.115578 168.501213 369.786335 
C 153.22107 363.457093 139.336229 354.179539 127.641314 342.484624 
C 115.946398 330.789708 106.668845 316.904868 100.339602 301.624725 
C 94.01036 286.344581 90.752516 269.966295 90.752516 253.427187 
C 90.752516 236.88808 94.01036 220.509794 100.339602 205.22965 
C 106.668845 189.949507 115.946398 176.064667 127.641314 164.369751 
C 139.336229 152.674836 153.22107 143.397282 168.501213 137.06804 
C 183.781356 130.738797 200.159642 127.480953 216.69875 127.480953 
" clip-path="url(#p839e204f55)" style="fill: none; stroke: #b0b0b0; stroke-width: 1.5; stroke-linecap: square"/>
     </g>
     <g id="text_7">
      <text style="font: 16px 'DejaVu Sans', 'Bitstream Vera Sans', 'Computer Modern Sans Serif', 'Lucida Grande', 'Verdana', 'Geneva', 'Lucid', 'Arial', 'Helvetica', 'Avant Garde', sans-serif; text-anchor: start" x="342.644984" y="250.099687" transform="rotate(-0 342.644984 250.099687)">0.39</text>
     </g>
    </g>
   </g>
   <g id="line2d_21">
    <path d="M 216.69875 87.107187 
L 279.92694 100.780834 
L 252.960891 217.165046 
L 279.82879 227.277869 
L 216.69875 253.427187 
L 247.190993 266.057488 
L 246.162729 282.891166 
L 245.381698 322.673949 
L 216.69875 419.747187 
L 153.47056 406.073541 
L 180.436609 289.689329 
L 153.56871 279.576506 
L 216.69875 253.427187 
L 186.206507 240.796887 
L 187.234771 223.963209 
L 188.015802 184.180426 
L 216.69875 87.107187 
" clip-path="url(#p839e204f55)" style="fill: none; stroke: #d1a6de; stroke-opacity: 0.7; stroke-width: 10; stroke-linecap: square"/>
   </g>
   <g id="line2d_22">
    <path d="M 216.69875 182.728479 
L 275.121349 112.382558 
L 241.194199 228.931739 
L 256.266603 237.037646 
L 218.520663 253.427187 
L 237.638829 262.100852 
L 231.461399 268.189836 
L 235.264932 298.249915 
L 216.69875 324.125896 
L 158.276151 394.471817 
L 192.203301 277.922636 
L 177.130897 269.816729 
L 214.876837 253.427187 
L 195.758671 244.753523 
L 201.936101 238.664539 
L 198.132568 208.60446 
L 216.69875 182.728479 
" clip-path="url(#p839e204f55)" style="fill: none; stroke: #8c75e6; stroke-opacity: 0.7; stroke-width: 10; stroke-linecap: square"/>
   </g>
   <g id="patch_3">
    <path d="M 216.69875 87.107187 
C 194.857808 87.107187 173.229241 91.409377 153.050842 99.767544 
C 132.872442 108.12571 114.536629 120.377309 99.09275 135.821188 
C 83.648872 151.265066 71.397273 169.600879 63.039106 189.779279 
C 54.680939 209.957679 50.37875 231.586245 50.37875 253.427187 
C 50.37875 275.26813 54.680939 296.896696 63.039106 317.075096 
C 71.397273 337.253496 83.648872 355.589309 99.09275 371.033187 
C 114.536629 386.477066 132.872442 398.728665 153.050842 407.086831 
C 173.229241 415.444998 194.857808 419.747187 216.69875 419.747187 
C 238.539692 419.747187 260.168259 415.444998 280.346658 407.086831 
C 300.525058 398.728665 318.860871 386.477066 334.30475 371.033187 
C 349.748628 355.589309 362.000227 337.253496 370.358394 317.075096 
C 378.716561 296.896696 383.01875 275.26813 383.01875 253.427187 
C 383.01875 231.586245 378.716561 209.957679 370.358394 189.779279 
C 362.000227 169.600879 349.748628 151.265066 334.30475 135.821188 
C 318.860871 120.377309 300.525058 108.12571 280.346658 99.767544 
C 260.168259 91.409377 238.539692 87.107187 216.69875 87.107187 
" style="fill: none; stroke: #000000; stroke-width: 1.875; stroke-linejoin: miter; stroke-linecap: square"/>
   </g>
   <g id="text_8">
    <text style="font: 20px 'DejaVu Sans', 'Bitstream Vera Sans', 'Computer Modern Sans Serif', 'Lucida Grande', 'Verdana', 'Geneva', 'Lucid', 'Arial', 'Helvetica', 'Avant Garde', sans-serif; text-anchor: middle" x="216.69875" y="22.396875" transform="rotate(-0 216.69875 22.396875)">cell 230228_003_2 in LI</text>
   </g>
   <g id="legend_1">
    <g id="line2d_23">
     <path d="M 337.13075 74.800687 
L 353.13075 74.800687 
L 369.13075 74.800687 
" style="fill: none; stroke: #d1a6de; stroke-opacity: 0.7; stroke-width: 10; stroke-linecap: square"/>
    </g>
    <g id="text_9">
     <text style="font: 16px 'DejaVu Sans', 'Bitstream Vera Sans', 'Computer Modern Sans Serif', 'Lucida Grande', 'Verdana', 'Geneva', 'Lucid', 'Arial', 'Helvetica', 'Avant Garde', sans-serif; text-anchor: start" x="381.93075" y="80.400687" transform="rotate(-0 381.93075 80.400687)">unadapted</text>
    </g>
    <g id="line2d_24">
     <path d="M 337.13075 98.285687 
L 353.13075 98.285687 
L 369.13075 98.285687 
" style="fill: none; stroke: #8c75e6; stroke-opacity: 0.7; stroke-width: 10; stroke-linecap: square"/>
    </g>
    <g id="text_10">
     <text style="font: 16px 'DejaVu Sans', 'Bitstream Vera Sans', 'Computer Modern Sans Serif', 'Lucida Grande', 'Verdana', 'Geneva', 'Lucid', 'Arial', 'Helvetica', 'Avant Garde', sans-serif; text-anchor: start" x="381.93075" y="103.885687" transform="rotate(-0 381.93075 103.885687)">adapted</text>
    </g>
   </g>
  </g>
 </g>
 <defs>
  <clipPath id="p839e204f55">
   <path d="M 383.01875 253.427187 
C 383.01875 231.586245 378.716561 209.957679 370.358394 189.779279 
C 362.000227 169.600879 349.748628 151.265066 334.30475 135.821188 
C 318.860871 120.377309 300.525058 108.12571 280.346658 99.767544 
C 260.168259 91.409377 238.539692 87.107187 216.69875 87.107187 
C 194.857808 87.107187 173.229241 91.409377 153.050842 99.767544 
C 132.872442 108.12571 114.536629 120.377309 99.09275 135.821188 
C 83.648872 151.265066 71.397273 169.600879 63.039106 189.779279 
C 54.680939 209.957679 50.37875 231.586245 50.37875 253.427187 
C 50.37875 275.26813 54.680939 296.896696 63.039106 317.075096 
C 71.397273 337.253496 83.648872 355.589309 99.09275 371.033187 
C 114.536629 386.477066 132.872442 398.728665 153.050842 407.086831 
C 173.229241 415.444998 194.857808 419.747187 216.69875 419.747187 
C 238.539692 419.747187 260.168259 415.444998 280.346658 407.086831 
C 300.525058 398.728665 318.860871 386.477066 334.30475 371.033187 
C 349.748628 355.589309 362.000227 337.253496 370.358394 317.075096 
C 378.716561 296.896696 383.01875 275.26813 383.01875 253.427187 
M 216.69875 253.427187 
C 216.69875 253.427187 216.69875 253.427187 216.69875 253.427187 
C 216.69875 253.427187 216.69875 253.427187 216.69875 253.427187 
C 216.69875 253.427187 216.69875 253.427187 216.69875 253.427187 
C 216.69875 253.427187 216.69875 253.427187 216.69875 253.427187 
C 216.69875 253.427187 216.69875 253.427187 216.69875 253.427187 
C 216.69875 253.427187 216.69875 253.427187 216.69875 253.427187 
C 216.69875 253.427187 216.69875 253.427187 216.69875 253.427187 
C 216.69875 253.427187 216.69875 253.427187 216.69875 253.427187 
C 216.69875 253.427187 216.69875 253.427187 216.69875 253.427187 
C 216.69875 253.427187 216.69875 253.427187 216.69875 253.427187 
C 216.69875 253.427187 216.69875 253.427187 216.69875 253.427187 
C 216.69875 253.427187 216.69875 253.427187 216.69875 253.427187 
C 216.69875 253.427187 216.69875 253.427187 216.69875 253.427187 
C 216.69875 253.427187 216.69875 253.427187 216.69875 253.427187 
C 216.69875 253.427187 216.69875 253.427187 216.69875 253.427187 
C 216.69875 253.427187 216.69875 253.427187 216.69875 253.427187 
z
"/>
  </clipPath>
 </defs>
</svg>
