<?xml version="1.0" encoding="utf-8" standalone="no"?>
<!DOCTYPE svg PUBLIC "-//W3C//DTD SVG 1.1//EN"
  "http://www.w3.org/Graphics/SVG/1.1/DTD/svg11.dtd">
<svg xmlns:xlink="http://www.w3.org/1999/xlink" width="158.557669pt" height="96.900169pt" viewBox="0 0 158.557669 96.900169" xmlns="http://www.w3.org/2000/svg" version="1.1">
 <metadata>
  <rdf:RDF xmlns:dc="http://purl.org/dc/elements/1.1/" xmlns:cc="http://creativecommons.org/ns#" xmlns:rdf="http://www.w3.org/1999/02/22-rdf-syntax-ns#">
   <cc:Work>
    <dc:type rdf:resource="http://purl.org/dc/dcmitype/StillImage"/>
    <dc:date>2023-12-19T10:14:13.636076</dc:date>
    <dc:format>image/svg+xml</dc:format>
    <dc:creator>
     <cc:Agent>
      <dc:title>Matplotlib v3.7.2, https://matplotlib.org/</dc:title>
     </cc:Agent>
    </dc:creator>
   </cc:Work>
  </rdf:RDF>
 </metadata>
 <defs>
  <style type="text/css">*{stroke-linejoin: round; stroke-linecap: butt}</style>
 </defs>
 <g id="figure_1">
  <g id="patch_1">
   <path d="M 0 96.900169 
L 158.557669 96.900169 
L 158.557669 0 
L 0 0 
z
" style="fill: #ffffff"/>
  </g>
  <g id="axes_1">
   <g id="patch_2">
    <path d="M 65.957669 48.450085 
C 65.957669 44.592091 65.197729 40.771612 63.721339 37.207291 
C 62.244949 33.64297 60.080821 30.404125 57.352808 27.676111 
C 54.624795 24.948098 51.385949 22.783971 47.821628 21.307581 
C 44.257307 19.831191 40.436828 19.07125 36.578835 19.07125 
C 32.720841 19.07125 28.900362 19.831191 25.336041 21.307581 
C 21.77172 22.783971 18.532875 24.948098 15.804861 27.676111 
C 13.076848 30.404125 10.912721 33.64297 9.436331 37.207291 
C 7.959941 40.771612 7.2 44.592091 7.2 48.450085 
C 7.2 52.308078 7.959941 56.128557 9.436331 59.692878 
C 10.912721 63.257199 13.076848 66.496045 15.804861 69.224058 
C 18.532875 71.952071 21.77172 74.116199 25.336041 75.592589 
C 28.900362 77.068979 32.720841 77.828919 36.578835 77.828919 
C 40.436828 77.828919 44.257307 77.068979 47.821628 75.592589 
C 51.385949 74.116199 54.624795 71.952071 57.352808 69.224058 
C 60.080821 66.496045 62.244949 63.257199 63.721339 59.692878 
C 65.197729 56.128557 65.957669 52.308078 65.957669 48.450085 
M 36.578835 48.450085 
C 36.578835 48.450085 36.578835 48.450085 36.578835 48.450085 
C 36.578835 48.450085 36.578835 48.450085 36.578835 48.450085 
C 36.578835 48.450085 36.578835 48.450085 36.578835 48.450085 
C 36.578835 48.450085 36.578835 48.450085 36.578835 48.450085 
C 36.578835 48.450085 36.578835 48.450085 36.578835 48.450085 
C 36.578835 48.450085 36.578835 48.450085 36.578835 48.450085 
C 36.578835 48.450085 36.578835 48.450085 36.578835 48.450085 
C 36.578835 48.450085 36.578835 48.450085 36.578835 48.450085 
C 36.578835 48.450085 36.578835 48.450085 36.578835 48.450085 
C 36.578835 48.450085 36.578835 48.450085 36.578835 48.450085 
C 36.578835 48.450085 36.578835 48.450085 36.578835 48.450085 
C 36.578835 48.450085 36.578835 48.450085 36.578835 48.450085 
C 36.578835 48.450085 36.578835 48.450085 36.578835 48.450085 
C 36.578835 48.450085 36.578835 48.450085 36.578835 48.450085 
C 36.578835 48.450085 36.578835 48.450085 36.578835 48.450085 
C 36.578835 48.450085 36.578835 48.450085 36.578835 48.450085 
z
" style="fill: #ffffff"/>
   </g>
   <g id="matplotlib.axis_1">
    <g id="xtick_1">
     <g id="line2d_1">
      <path d="M 36.578835 48.450085 
L 36.578835 19.07125 
" clip-path="url(#pc3714fe41e)" style="fill: none; stroke: #b0b0b0; stroke-width: 1.5; stroke-linecap: square"/>
     </g>
     <g id="text_1">
      <text style="font: 8px 'DejaVu Sans', 'Bitstream Vera Sans', 'Computer Modern Sans Serif', 'Lucida Grande', 'Verdana', 'Geneva', 'Lucid', 'Arial', 'Helvetica', 'Avant Garde', sans-serif; text-anchor: middle" x="36.578835" y="13.27875" transform="rotate(-0 36.578835 13.27875)">0</text>
     </g>
    </g>
    <g id="xtick_2">
     <g id="line2d_2">
      <path d="M 36.578835 48.450085 
L 47.821628 21.307581 
" clip-path="url(#pc3714fe41e)" style="fill: none; stroke: #b0b0b0; stroke-width: 1.5; stroke-linecap: square"/>
     </g>
    </g>
    <g id="xtick_3">
     <g id="line2d_3">
      <path d="M 36.578835 48.450085 
L 57.352808 27.676111 
" clip-path="url(#pc3714fe41e)" style="fill: none; stroke: #b0b0b0; stroke-width: 1.5; stroke-linecap: square"/>
     </g>
    </g>
    <g id="xtick_4">
     <g id="line2d_4">
      <path d="M 36.578835 48.450085 
L 63.721339 37.207291 
" clip-path="url(#pc3714fe41e)" style="fill: none; stroke: #b0b0b0; stroke-width: 1.5; stroke-linecap: square"/>
     </g>
    </g>
    <g id="xtick_5">
     <g id="line2d_5">
      <path d="M 36.578835 48.450085 
L 65.957669 48.450085 
" clip-path="url(#pc3714fe41e)" style="fill: none; stroke: #b0b0b0; stroke-width: 1.5; stroke-linecap: square"/>
     </g>
     <g id="text_2">
      <text style="font: 8px 'DejaVu Sans', 'Bitstream Vera Sans', 'Computer Modern Sans Serif', 'Lucida Grande', 'Verdana', 'Geneva', 'Lucid', 'Arial', 'Helvetica', 'Avant Garde', sans-serif; text-anchor: middle" x="73.957669" y="50.657585" transform="rotate(-0 73.957669 50.657585)">90</text>
     </g>
    </g>
    <g id="xtick_6">
     <g id="line2d_6">
      <path d="M 36.578835 48.450085 
L 63.721339 59.692878 
" clip-path="url(#pc3714fe41e)" style="fill: none; stroke: #b0b0b0; stroke-width: 1.5; stroke-linecap: square"/>
     </g>
    </g>
    <g id="xtick_7">
     <g id="line2d_7">
      <path d="M 36.578835 48.450085 
L 57.352808 69.224058 
" clip-path="url(#pc3714fe41e)" style="fill: none; stroke: #b0b0b0; stroke-width: 1.5; stroke-linecap: square"/>
     </g>
    </g>
    <g id="xtick_8">
     <g id="line2d_8">
      <path d="M 36.578835 48.450085 
L 47.821628 75.592589 
" clip-path="url(#pc3714fe41e)" style="fill: none; stroke: #b0b0b0; stroke-width: 1.5; stroke-linecap: square"/>
     </g>
    </g>
    <g id="xtick_9">
     <g id="line2d_9">
      <path d="M 36.578835 48.450085 
L 36.578835 77.828919 
" clip-path="url(#pc3714fe41e)" style="fill: none; stroke: #b0b0b0; stroke-width: 1.5; stroke-linecap: square"/>
     </g>
     <g id="text_3">
      <text style="font: 8px 'DejaVu Sans', 'Bitstream Vera Sans', 'Computer Modern Sans Serif', 'Lucida Grande', 'Verdana', 'Geneva', 'Lucid', 'Arial', 'Helvetica', 'Avant Garde', sans-serif; text-anchor: middle" x="36.578835" y="88.036419" transform="rotate(-0 36.578835 88.036419)">180</text>
     </g>
    </g>
    <g id="xtick_10">
     <g id="line2d_10">
      <path d="M 36.578835 48.450085 
L 25.336041 75.592589 
" clip-path="url(#pc3714fe41e)" style="fill: none; stroke: #b0b0b0; stroke-width: 1.5; stroke-linecap: square"/>
     </g>
    </g>
    <g id="xtick_11">
     <g id="line2d_11">
      <path d="M 36.578835 48.450085 
L 15.804861 69.224058 
" clip-path="url(#pc3714fe41e)" style="fill: none; stroke: #b0b0b0; stroke-width: 1.5; stroke-linecap: square"/>
     </g>
    </g>
    <g id="xtick_12">
     <g id="line2d_12">
      <path d="M 36.578835 48.450085 
L 9.436331 59.692878 
" clip-path="url(#pc3714fe41e)" style="fill: none; stroke: #b0b0b0; stroke-width: 1.5; stroke-linecap: square"/>
     </g>
    </g>
    <g id="xtick_13">
     <g id="line2d_13">
      <path d="M 36.578835 48.450085 
L 7.2 48.450085 
" clip-path="url(#pc3714fe41e)" style="fill: none; stroke: #b0b0b0; stroke-width: 1.5; stroke-linecap: square"/>
     </g>
    </g>
    <g id="xtick_14">
     <g id="line2d_14">
      <path d="M 36.578835 48.450085 
L 9.436331 37.207291 
" clip-path="url(#pc3714fe41e)" style="fill: none; stroke: #b0b0b0; stroke-width: 1.5; stroke-linecap: square"/>
     </g>
    </g>
    <g id="xtick_15">
     <g id="line2d_15">
      <path d="M 36.578835 48.450085 
L 15.804861 27.676111 
" clip-path="url(#pc3714fe41e)" style="fill: none; stroke: #b0b0b0; stroke-width: 1.5; stroke-linecap: square"/>
     </g>
    </g>
    <g id="xtick_16">
     <g id="line2d_16">
      <path d="M 36.578835 48.450085 
L 25.336041 21.307581 
" clip-path="url(#pc3714fe41e)" style="fill: none; stroke: #b0b0b0; stroke-width: 1.5; stroke-linecap: square"/>
     </g>
    </g>
    <g id="xtick_17">
     <g id="line2d_17">
      <path d="M 36.578835 48.450085 
L 36.578835 19.07125 
" clip-path="url(#pc3714fe41e)" style="fill: none; stroke: #b0b0b0; stroke-width: 1.5; stroke-linecap: square"/>
     </g>
    </g>
   </g>
   <g id="matplotlib.axis_2">
    <g id="ytick_1">
     <g id="line2d_18">
      <path d="M 36.578835 33.672141 
C 38.519456 33.672141 40.441208 34.054401 42.234109 34.797045 
C 44.02701 35.539688 45.656192 36.628273 47.028419 38.0005 
C 48.400646 39.372727 49.489231 41.001909 50.231875 42.79481 
C 50.974519 44.587711 51.356779 46.509463 51.356779 48.450085 
C 51.356779 50.390706 50.974519 52.312458 50.231875 54.105359 
C 49.489231 55.89826 48.400646 57.527442 47.028419 58.899669 
C 45.656192 60.271896 44.02701 61.360481 42.234109 62.103125 
C 40.441208 62.845769 38.519456 63.228029 36.578835 63.228029 
C 34.638213 63.228029 32.716461 62.845769 30.92356 62.103125 
C 29.130659 61.360481 27.501477 60.271896 26.12925 58.899669 
C 24.757023 57.527442 23.668438 55.89826 22.925795 54.105359 
C 22.183151 52.312458 21.800891 50.390706 21.800891 48.450085 
C 21.800891 46.509463 22.183151 44.587711 22.925795 42.79481 
C 23.668438 41.001909 24.757023 39.372727 26.12925 38.0005 
C 27.501477 36.628273 29.130659 35.539688 30.92356 34.797045 
C 32.716461 34.054401 34.638213 33.672141 36.578835 33.672141 
" clip-path="url(#pc3714fe41e)" style="fill: none; stroke: #b0b0b0; stroke-width: 1.5; stroke-linecap: square"/>
     </g>
     <g id="text_4">
      <text style="font: 6px 'DejaVu Sans', 'Bitstream Vera Sans', 'Computer Modern Sans Serif', 'Lucida Grande', 'Verdana', 'Geneva', 'Lucid', 'Arial', 'Helvetica', 'Avant Garde', sans-serif; text-anchor: start" x="51.356779" y="47.202272" transform="rotate(-0 51.356779 47.202272)">0.26</text>
     </g>
    </g>
   </g>
   <g id="line2d_19">
    <path d="M 36.578835 19.07125 
L 47.747489 21.486569 
L 42.984194 42.044725 
L 47.730151 43.831058 
L 36.578835 48.450085 
L 41.964997 50.681106 
L 41.783364 53.654614 
L 41.645403 60.681862 
L 36.578835 77.828919 
L 25.410181 75.413601 
L 30.173475 54.855444 
L 25.427518 53.069111 
L 36.578835 48.450085 
L 31.192672 46.219063 
L 31.374305 43.245555 
L 31.512267 36.218308 
L 36.578835 19.07125 
" clip-path="url(#pc3714fe41e)" style="fill: none; stroke: #d1a6de; stroke-opacity: 0.7; stroke-linecap: square"/>
   </g>
   <g id="line2d_20">
    <path d="M 36.578835 35.961835 
L 46.898627 23.535902 
L 40.905721 44.123198 
L 43.568117 45.555029 
L 36.900658 48.450085 
L 40.277699 49.982204 
L 39.186515 51.057765 
L 39.858373 56.36759 
L 36.578835 60.938334 
L 26.259042 73.364267 
L 32.251948 52.776971 
L 29.589552 51.34514 
L 36.257011 48.450085 
L 32.87997 46.917965 
L 33.971154 45.842404 
L 33.299297 40.532579 
L 36.578835 35.961835 
" clip-path="url(#pc3714fe41e)" style="fill: none; stroke: #8c75e6; stroke-opacity: 0.7; stroke-linecap: square"/>
   </g>
   <g id="patch_3">
    <path d="M 36.578835 19.07125 
C 32.720841 19.07125 28.900362 19.831191 25.336041 21.307581 
C 21.77172 22.783971 18.532875 24.948098 15.804861 27.676111 
C 13.076848 30.404125 10.912721 33.64297 9.436331 37.207291 
C 7.959941 40.771612 7.2 44.592091 7.2 48.450085 
C 7.2 52.308078 7.959941 56.128557 9.436331 59.692878 
C 10.912721 63.257199 13.076848 66.496045 15.804861 69.224058 
C 18.532875 71.952071 21.77172 74.116199 25.336041 75.592589 
C 28.900362 77.068979 32.720841 77.828919 36.578835 77.828919 
C 40.436828 77.828919 44.257307 77.068979 47.821628 75.592589 
C 51.385949 74.116199 54.624795 71.952071 57.352808 69.224058 
C 60.080821 66.496045 62.244949 63.257199 63.721339 59.692878 
C 65.197729 56.128557 65.957669 52.308078 65.957669 48.450085 
C 65.957669 44.592091 65.197729 40.771612 63.721339 37.207291 
C 62.244949 33.64297 60.080821 30.404125 57.352808 27.676111 
C 54.624795 24.948098 51.385949 22.783971 47.821628 21.307581 
C 44.257307 19.831191 40.436828 19.07125 36.578835 19.07125 
" style="fill: none; stroke: #000000; stroke-linejoin: miter; stroke-linecap: square"/>
   </g>
   <g id="legend_1">
    <g id="line2d_21">
     <path d="M 73.157669 29.55 
L 81.157669 29.55 
L 89.157669 29.55 
" style="fill: none; stroke: #d1a6de; stroke-opacity: 0.7; stroke-linecap: square"/>
    </g>
    <g id="text_5">
     <text style="font: 8px 'DejaVu Sans', 'Bitstream Vera Sans', 'Computer Modern Sans Serif', 'Lucida Grande', 'Verdana', 'Geneva', 'Lucid', 'Arial', 'Helvetica', 'Avant Garde', sans-serif; text-anchor: start" x="95.557669" y="32.35" transform="rotate(-0 95.557669 32.35)">LI unadapted</text>
    </g>
    <g id="line2d_22">
     <path d="M 73.157669 41.2925 
L 81.157669 41.2925 
L 89.157669 41.2925 
" style="fill: none; stroke: #8c75e6; stroke-opacity: 0.7; stroke-linecap: square"/>
    </g>
    <g id="text_6">
     <text style="font: 8px 'DejaVu Sans', 'Bitstream Vera Sans', 'Computer Modern Sans Serif', 'Lucida Grande', 'Verdana', 'Geneva', 'Lucid', 'Arial', 'Helvetica', 'Avant Garde', sans-serif; text-anchor: start" x="95.557669" y="44.0925" transform="rotate(-0 95.557669 44.0925)">LI adapted</text>
    </g>
   </g>
  </g>
 </g>
 <defs>
  <clipPath id="pc3714fe41e">
   <path d="M 65.957669 48.450085 
C 65.957669 44.592091 65.197729 40.771612 63.721339 37.207291 
C 62.244949 33.64297 60.080821 30.404125 57.352808 27.676111 
C 54.624795 24.948098 51.385949 22.783971 47.821628 21.307581 
C 44.257307 19.831191 40.436828 19.07125 36.578835 19.07125 
C 32.720841 19.07125 28.900362 19.831191 25.336041 21.307581 
C 21.77172 22.783971 18.532875 24.948098 15.804861 27.676111 
C 13.076848 30.404125 10.912721 33.64297 9.436331 37.207291 
C 7.959941 40.771612 7.2 44.592091 7.2 48.450085 
C 7.2 52.308078 7.959941 56.128557 9.436331 59.692878 
C 10.912721 63.257199 13.076848 66.496045 15.804861 69.224058 
C 18.532875 71.952071 21.77172 74.116199 25.336041 75.592589 
C 28.900362 77.068979 32.720841 77.828919 36.578835 77.828919 
C 40.436828 77.828919 44.257307 77.068979 47.821628 75.592589 
C 51.385949 74.116199 54.624795 71.952071 57.352808 69.224058 
C 60.080821 66.496045 62.244949 63.257199 63.721339 59.692878 
C 65.197729 56.128557 65.957669 52.308078 65.957669 48.450085 
M 36.578835 48.450085 
C 36.578835 48.450085 36.578835 48.450085 36.578835 48.450085 
C 36.578835 48.450085 36.578835 48.450085 36.578835 48.450085 
C 36.578835 48.450085 36.578835 48.450085 36.578835 48.450085 
C 36.578835 48.450085 36.578835 48.450085 36.578835 48.450085 
C 36.578835 48.450085 36.578835 48.450085 36.578835 48.450085 
C 36.578835 48.450085 36.578835 48.450085 36.578835 48.450085 
C 36.578835 48.450085 36.578835 48.450085 36.578835 48.450085 
C 36.578835 48.450085 36.578835 48.450085 36.578835 48.450085 
C 36.578835 48.450085 36.578835 48.450085 36.578835 48.450085 
C 36.578835 48.450085 36.578835 48.450085 36.578835 48.450085 
C 36.578835 48.450085 36.578835 48.450085 36.578835 48.450085 
C 36.578835 48.450085 36.578835 48.450085 36.578835 48.450085 
C 36.578835 48.450085 36.578835 48.450085 36.578835 48.450085 
C 36.578835 48.450085 36.578835 48.450085 36.578835 48.450085 
C 36.578835 48.450085 36.578835 48.450085 36.578835 48.450085 
C 36.578835 48.450085 36.578835 48.450085 36.578835 48.450085 
z
"/>
  </clipPath>
 </defs>
</svg>
