<?xml version="1.0" encoding="utf-8" standalone="no"?>
<!DOCTYPE svg PUBLIC "-//W3C//DTD SVG 1.1//EN"
  "http://www.w3.org/Graphics/SVG/1.1/DTD/svg11.dtd">
<svg xmlns:xlink="http://www.w3.org/1999/xlink" width="105.882669pt" height="100.900169pt" viewBox="0 0 105.882669 100.900169" xmlns="http://www.w3.org/2000/svg" version="1.1">
 <metadata>
  <rdf:RDF xmlns:dc="http://purl.org/dc/elements/1.1/" xmlns:cc="http://creativecommons.org/ns#" xmlns:rdf="http://www.w3.org/1999/02/22-rdf-syntax-ns#">
   <cc:Work>
    <dc:type rdf:resource="http://purl.org/dc/dcmitype/StillImage"/>
    <dc:date>2024-01-23T16:31:52.709644</dc:date>
    <dc:format>image/svg+xml</dc:format>
    <dc:creator>
     <cc:Agent>
      <dc:title>Matplotlib v3.7.2, https://matplotlib.org/</dc:title>
     </cc:Agent>
    </dc:creator>
   </cc:Work>
  </rdf:RDF>
 </metadata>
 <defs>
  <style type="text/css">*{stroke-linejoin: round; stroke-linecap: butt}</style>
 </defs>
 <g id="figure_1">
  <g id="patch_1">
   <path d="M 0 100.900169 
L 105.882669 100.900169 
L 105.882669 0 
L 0 0 
z
" style="fill: #ffffff"/>
  </g>
  <g id="axes_1">
   <g id="patch_2">
    <path d="M 83.592669 50.450085 
C 83.592669 46.592091 82.832729 42.771612 81.356339 39.207291 
C 79.879949 35.64297 77.715821 32.404125 74.987808 29.676111 
C 72.259795 26.948098 69.020949 24.783971 65.456628 23.307581 
C 61.892307 21.831191 58.071828 21.07125 54.213835 21.07125 
C 50.355841 21.07125 46.535362 21.831191 42.971041 23.307581 
C 39.40672 24.783971 36.167875 26.948098 33.439861 29.676111 
C 30.711848 32.404125 28.547721 35.64297 27.071331 39.207291 
C 25.594941 42.771612 24.835 46.592091 24.835 50.450085 
C 24.835 54.308078 25.594941 58.128557 27.071331 61.692878 
C 28.547721 65.257199 30.711848 68.496045 33.439861 71.224058 
C 36.167875 73.952071 39.40672 76.116199 42.971041 77.592589 
C 46.535362 79.068979 50.355841 79.828919 54.213835 79.828919 
C 58.071828 79.828919 61.892307 79.068979 65.456628 77.592589 
C 69.020949 76.116199 72.259795 73.952071 74.987808 71.224058 
C 77.715821 68.496045 79.879949 65.257199 81.356339 61.692878 
C 82.832729 58.128557 83.592669 54.308078 83.592669 50.450085 
M 54.213835 50.450085 
C 54.213835 50.450085 54.213835 50.450085 54.213835 50.450085 
C 54.213835 50.450085 54.213835 50.450085 54.213835 50.450085 
C 54.213835 50.450085 54.213835 50.450085 54.213835 50.450085 
C 54.213835 50.450085 54.213835 50.450085 54.213835 50.450085 
C 54.213835 50.450085 54.213835 50.450085 54.213835 50.450085 
C 54.213835 50.450085 54.213835 50.450085 54.213835 50.450085 
C 54.213835 50.450085 54.213835 50.450085 54.213835 50.450085 
C 54.213835 50.450085 54.213835 50.450085 54.213835 50.450085 
C 54.213835 50.450085 54.213835 50.450085 54.213835 50.450085 
C 54.213835 50.450085 54.213835 50.450085 54.213835 50.450085 
C 54.213835 50.450085 54.213835 50.450085 54.213835 50.450085 
C 54.213835 50.450085 54.213835 50.450085 54.213835 50.450085 
C 54.213835 50.450085 54.213835 50.450085 54.213835 50.450085 
C 54.213835 50.450085 54.213835 50.450085 54.213835 50.450085 
C 54.213835 50.450085 54.213835 50.450085 54.213835 50.450085 
C 54.213835 50.450085 54.213835 50.450085 54.213835 50.450085 
z
" style="fill: #ffffff"/>
   </g>
   <g id="line2d_1">
    <path d="M 54.213835 22.261654 
L 60.944289 34.20133 
L 60.405728 44.258192 
L 62.626543 46.965427 
L 59.266822 50.450085 
L 59.779966 52.755652 
L 59.058739 55.294989 
L 62.539683 70.550461 
L 54.213835 78.638515 
L 47.48338 66.698839 
L 48.021942 56.641978 
L 45.801127 53.934742 
L 49.160847 50.450085 
L 48.647703 48.144517 
L 49.36893 45.60518 
L 45.887986 30.349708 
L 54.213835 22.261654 
" clip-path="url(#p8e5fb483b9)" style="fill: none; stroke: #d1a6de; stroke-opacity: 0.9; stroke-linecap: square"/>
   </g>
   <g id="line2d_2">
    <path d="M 54.213835 36.707174 
L 58.922761 39.081731 
L 58.863533 45.800386 
L 54.213835 50.450085 
L 57.850044 50.450085 
L 54.516828 50.575589 
L 59.707601 55.943851 
L 63.189233 72.118613 
L 54.213835 64.192995 
L 49.504908 61.818438 
L 49.564136 55.099783 
L 54.213835 50.450085 
L 50.577626 50.450085 
L 53.910841 50.324581 
L 48.720068 44.956318 
L 45.238436 28.781557 
L 54.213835 36.707174 
" clip-path="url(#p8e5fb483b9)" style="fill: none; stroke: #8c75e6; stroke-opacity: 0.7; stroke-linecap: square"/>
   </g>
   <g id="matplotlib.axis_1">
    <g id="xtick_1">
     <g id="line2d_3">
      <path d="M 54.213835 50.450085 
L 54.213835 21.07125 
" clip-path="url(#p8e5fb483b9)" style="fill: none; stroke: #b0b0b0; stroke-opacity: 0.5; stroke-width: 0.5; stroke-linecap: square"/>
     </g>
     <g id="text_1">
      <text style="font: 8px 'DejaVu Sans', 'Bitstream Vera Sans', 'Computer Modern Sans Serif', 'Lucida Grande', 'Verdana', 'Geneva', 'Lucid', 'Arial', 'Helvetica', 'Avant Garde', sans-serif; text-anchor: middle" x="54.213835" y="13.27875" transform="rotate(-0 54.213835 13.27875)">0</text>
     </g>
    </g>
    <g id="xtick_2">
     <g id="line2d_4">
      <path d="M 54.213835 50.450085 
L 65.456628 23.307581 
" clip-path="url(#p8e5fb483b9)" style="fill: none; stroke: #b0b0b0; stroke-opacity: 0.5; stroke-width: 0.5; stroke-linecap: square"/>
     </g>
    </g>
    <g id="xtick_3">
     <g id="line2d_5">
      <path d="M 54.213835 50.450085 
L 74.987808 29.676111 
" clip-path="url(#p8e5fb483b9)" style="fill: none; stroke: #b0b0b0; stroke-opacity: 0.5; stroke-width: 0.5; stroke-linecap: square"/>
     </g>
    </g>
    <g id="xtick_4">
     <g id="line2d_6">
      <path d="M 54.213835 50.450085 
L 81.356339 39.207291 
" clip-path="url(#p8e5fb483b9)" style="fill: none; stroke: #b0b0b0; stroke-opacity: 0.5; stroke-width: 0.5; stroke-linecap: square"/>
     </g>
    </g>
    <g id="xtick_5">
     <g id="line2d_7">
      <path d="M 54.213835 50.450085 
L 83.592669 50.450085 
" clip-path="url(#p8e5fb483b9)" style="fill: none; stroke: #b0b0b0; stroke-opacity: 0.5; stroke-width: 0.5; stroke-linecap: square"/>
     </g>
     <g id="text_2">
      <text style="font: 8px 'DejaVu Sans', 'Bitstream Vera Sans', 'Computer Modern Sans Serif', 'Lucida Grande', 'Verdana', 'Geneva', 'Lucid', 'Arial', 'Helvetica', 'Avant Garde', sans-serif; text-anchor: middle" x="93.592669" y="52.657585" transform="rotate(-0 93.592669 52.657585)">90</text>
     </g>
    </g>
    <g id="xtick_6">
     <g id="line2d_8">
      <path d="M 54.213835 50.450085 
L 81.356339 61.692878 
" clip-path="url(#p8e5fb483b9)" style="fill: none; stroke: #b0b0b0; stroke-opacity: 0.5; stroke-width: 0.5; stroke-linecap: square"/>
     </g>
    </g>
    <g id="xtick_7">
     <g id="line2d_9">
      <path d="M 54.213835 50.450085 
L 74.987808 71.224058 
" clip-path="url(#p8e5fb483b9)" style="fill: none; stroke: #b0b0b0; stroke-opacity: 0.5; stroke-width: 0.5; stroke-linecap: square"/>
     </g>
    </g>
    <g id="xtick_8">
     <g id="line2d_10">
      <path d="M 54.213835 50.450085 
L 65.456628 77.592589 
" clip-path="url(#p8e5fb483b9)" style="fill: none; stroke: #b0b0b0; stroke-opacity: 0.5; stroke-width: 0.5; stroke-linecap: square"/>
     </g>
    </g>
    <g id="xtick_9">
     <g id="line2d_11">
      <path d="M 54.213835 50.450085 
L 54.213835 79.828919 
" clip-path="url(#p8e5fb483b9)" style="fill: none; stroke: #b0b0b0; stroke-opacity: 0.5; stroke-width: 0.5; stroke-linecap: square"/>
     </g>
     <g id="text_3">
      <text style="font: 8px 'DejaVu Sans', 'Bitstream Vera Sans', 'Computer Modern Sans Serif', 'Lucida Grande', 'Verdana', 'Geneva', 'Lucid', 'Arial', 'Helvetica', 'Avant Garde', sans-serif; text-anchor: middle" x="54.213835" y="92.036419" transform="rotate(-0 54.213835 92.036419)">180</text>
     </g>
    </g>
    <g id="xtick_10">
     <g id="line2d_12">
      <path d="M 54.213835 50.450085 
L 42.971041 77.592589 
" clip-path="url(#p8e5fb483b9)" style="fill: none; stroke: #b0b0b0; stroke-opacity: 0.5; stroke-width: 0.5; stroke-linecap: square"/>
     </g>
    </g>
    <g id="xtick_11">
     <g id="line2d_13">
      <path d="M 54.213835 50.450085 
L 33.439861 71.224058 
" clip-path="url(#p8e5fb483b9)" style="fill: none; stroke: #b0b0b0; stroke-opacity: 0.5; stroke-width: 0.5; stroke-linecap: square"/>
     </g>
    </g>
    <g id="xtick_12">
     <g id="line2d_14">
      <path d="M 54.213835 50.450085 
L 27.071331 61.692878 
" clip-path="url(#p8e5fb483b9)" style="fill: none; stroke: #b0b0b0; stroke-opacity: 0.5; stroke-width: 0.5; stroke-linecap: square"/>
     </g>
    </g>
    <g id="xtick_13">
     <g id="line2d_15">
      <path d="M 54.213835 50.450085 
L 24.835 50.450085 
" clip-path="url(#p8e5fb483b9)" style="fill: none; stroke: #b0b0b0; stroke-opacity: 0.5; stroke-width: 0.5; stroke-linecap: square"/>
     </g>
     <g id="text_4">
      <text style="font: 8px 'DejaVu Sans', 'Bitstream Vera Sans', 'Computer Modern Sans Serif', 'Lucida Grande', 'Verdana', 'Geneva', 'Lucid', 'Arial', 'Helvetica', 'Avant Garde', sans-serif; text-anchor: middle" x="14.835" y="52.657585" transform="rotate(-0 14.835 52.657585)">270</text>
     </g>
    </g>
    <g id="xtick_14">
     <g id="line2d_16">
      <path d="M 54.213835 50.450085 
L 27.071331 39.207291 
" clip-path="url(#p8e5fb483b9)" style="fill: none; stroke: #b0b0b0; stroke-opacity: 0.5; stroke-width: 0.5; stroke-linecap: square"/>
     </g>
    </g>
    <g id="xtick_15">
     <g id="line2d_17">
      <path d="M 54.213835 50.450085 
L 33.439861 29.676111 
" clip-path="url(#p8e5fb483b9)" style="fill: none; stroke: #b0b0b0; stroke-opacity: 0.5; stroke-width: 0.5; stroke-linecap: square"/>
     </g>
    </g>
    <g id="xtick_16">
     <g id="line2d_18">
      <path d="M 54.213835 50.450085 
L 42.971041 23.307581 
" clip-path="url(#p8e5fb483b9)" style="fill: none; stroke: #b0b0b0; stroke-opacity: 0.5; stroke-width: 0.5; stroke-linecap: square"/>
     </g>
    </g>
    <g id="xtick_17">
     <g id="line2d_19">
      <path d="M 54.213835 50.450085 
L 54.213835 21.07125 
" clip-path="url(#p8e5fb483b9)" style="fill: none; stroke: #b0b0b0; stroke-opacity: 0.5; stroke-width: 0.5; stroke-linecap: square"/>
     </g>
    </g>
   </g>
   <g id="matplotlib.axis_2">
    <g id="ytick_1">
     <g id="line2d_20">
      <path d="M 54.213835 35.83607 
C 56.13293 35.83607 58.033364 36.214089 59.806376 36.948495 
C 61.579389 37.682901 63.190499 38.759411 64.547504 40.116416 
C 65.904509 41.473421 66.981018 43.084531 67.715424 44.857543 
C 68.44983 46.630556 68.82785 48.53099 68.82785 50.450085 
C 68.82785 52.36918 68.44983 54.269614 67.715424 56.042626 
C 66.981018 57.815639 65.904509 59.426749 64.547504 60.783754 
C 63.190499 62.140759 61.579389 63.217268 59.806376 63.951674 
C 58.033364 64.68608 56.13293 65.0641 54.213835 65.0641 
C 52.29474 65.0641 50.394306 64.68608 48.621293 63.951674 
C 46.848281 63.217268 45.237171 62.140759 43.880166 60.783754 
C 42.523161 59.426749 41.446651 57.815639 40.712245 56.042626 
C 39.977839 54.269614 39.59982 52.36918 39.59982 50.450085 
C 39.59982 48.53099 39.977839 46.630556 40.712245 44.857543 
C 41.446651 43.084531 42.523161 41.473421 43.880166 40.116416 
C 45.237171 38.759411 46.848281 37.682901 48.621293 36.948495 
C 50.394306 36.214089 52.29474 35.83607 54.213835 35.83607 
" clip-path="url(#p8e5fb483b9)" style="fill: none; stroke: #b0b0b0; stroke-opacity: 0.5; stroke-width: 0.5; stroke-linecap: square"/>
     </g>
     <g id="text_5">
      <text style="font: 6px 'DejaVu Sans', 'Bitstream Vera Sans', 'Computer Modern Sans Serif', 'Lucida Grande', 'Verdana', 'Geneva', 'Lucid', 'Arial', 'Helvetica', 'Avant Garde', sans-serif; text-anchor: start" x="64.547504" y="38.868603" transform="rotate(-0 64.547504 38.868603)">0.04</text>
     </g>
    </g>
   </g>
   <g id="patch_3">
    <path d="M 54.213835 21.07125 
C 50.355841 21.07125 46.535362 21.831191 42.971041 23.307581 
C 39.40672 24.783971 36.167875 26.948098 33.439861 29.676111 
C 30.711848 32.404125 28.547721 35.64297 27.071331 39.207291 
C 25.594941 42.771612 24.835 46.592091 24.835 50.450085 
C 24.835 54.308078 25.594941 58.128557 27.071331 61.692878 
C 28.547721 65.257199 30.711848 68.496045 33.439861 71.224058 
C 36.167875 73.952071 39.40672 76.116199 42.971041 77.592589 
C 46.535362 79.068979 50.355841 79.828919 54.213835 79.828919 
C 58.071828 79.828919 61.892307 79.068979 65.456628 77.592589 
C 69.020949 76.116199 72.259795 73.952071 74.987808 71.224058 
C 77.715821 68.496045 79.879949 65.257199 81.356339 61.692878 
C 82.832729 58.128557 83.592669 54.308078 83.592669 50.450085 
C 83.592669 46.592091 82.832729 42.771612 81.356339 39.207291 
C 79.879949 35.64297 77.715821 32.404125 74.987808 29.676111 
C 72.259795 26.948098 69.020949 24.783971 65.456628 23.307581 
C 61.892307 21.831191 58.071828 21.07125 54.213835 21.07125 
" style="fill: none; stroke: #000000; stroke-width: 0.5; stroke-linejoin: miter; stroke-linecap: square"/>
   </g>
  </g>
 </g>
 <defs>
  <clipPath id="p8e5fb483b9">
   <path d="M 83.592669 50.450085 
C 83.592669 46.592091 82.832729 42.771612 81.356339 39.207291 
C 79.879949 35.64297 77.715821 32.404125 74.987808 29.676111 
C 72.259795 26.948098 69.020949 24.783971 65.456628 23.307581 
C 61.892307 21.831191 58.071828 21.07125 54.213835 21.07125 
C 50.355841 21.07125 46.535362 21.831191 42.971041 23.307581 
C 39.40672 24.783971 36.167875 26.948098 33.439861 29.676111 
C 30.711848 32.404125 28.547721 35.64297 27.071331 39.207291 
C 25.594941 42.771612 24.835 46.592091 24.835 50.450085 
C 24.835 54.308078 25.594941 58.128557 27.071331 61.692878 
C 28.547721 65.257199 30.711848 68.496045 33.439861 71.224058 
C 36.167875 73.952071 39.40672 76.116199 42.971041 77.592589 
C 46.535362 79.068979 50.355841 79.828919 54.213835 79.828919 
C 58.071828 79.828919 61.892307 79.068979 65.456628 77.592589 
C 69.020949 76.116199 72.259795 73.952071 74.987808 71.224058 
C 77.715821 68.496045 79.879949 65.257199 81.356339 61.692878 
C 82.832729 58.128557 83.592669 54.308078 83.592669 50.450085 
M 54.213835 50.450085 
C 54.213835 50.450085 54.213835 50.450085 54.213835 50.450085 
C 54.213835 50.450085 54.213835 50.450085 54.213835 50.450085 
C 54.213835 50.450085 54.213835 50.450085 54.213835 50.450085 
C 54.213835 50.450085 54.213835 50.450085 54.213835 50.450085 
C 54.213835 50.450085 54.213835 50.450085 54.213835 50.450085 
C 54.213835 50.450085 54.213835 50.450085 54.213835 50.450085 
C 54.213835 50.450085 54.213835 50.450085 54.213835 50.450085 
C 54.213835 50.450085 54.213835 50.450085 54.213835 50.450085 
C 54.213835 50.450085 54.213835 50.450085 54.213835 50.450085 
C 54.213835 50.450085 54.213835 50.450085 54.213835 50.450085 
C 54.213835 50.450085 54.213835 50.450085 54.213835 50.450085 
C 54.213835 50.450085 54.213835 50.450085 54.213835 50.450085 
C 54.213835 50.450085 54.213835 50.450085 54.213835 50.450085 
C 54.213835 50.450085 54.213835 50.450085 54.213835 50.450085 
C 54.213835 50.450085 54.213835 50.450085 54.213835 50.450085 
C 54.213835 50.450085 54.213835 50.450085 54.213835 50.450085 
z
"/>
  </clipPath>
 </defs>
</svg>
