<?xml version="1.0" encoding="utf-8" standalone="no"?>
<!DOCTYPE svg PUBLIC "-//W3C//DTD SVG 1.1//EN"
  "http://www.w3.org/Graphics/SVG/1.1/DTD/svg11.dtd">
<svg xmlns:xlink="http://www.w3.org/1999/xlink" width="788.5105pt" height="792.361875pt" viewBox="0 0 788.5105 792.361875" xmlns="http://www.w3.org/2000/svg" version="1.1">
 <metadata>
  <rdf:RDF xmlns:dc="http://purl.org/dc/elements/1.1/" xmlns:cc="http://creativecommons.org/ns#" xmlns:rdf="http://www.w3.org/1999/02/22-rdf-syntax-ns#">
   <cc:Work>
    <dc:type rdf:resource="http://purl.org/dc/dcmitype/StillImage"/>
    <dc:date>2023-11-16T17:36:37.103636</dc:date>
    <dc:format>image/svg+xml</dc:format>
    <dc:creator>
     <cc:Agent>
      <dc:title>Matplotlib v3.7.2, https://matplotlib.org/</dc:title>
     </cc:Agent>
    </dc:creator>
   </cc:Work>
  </rdf:RDF>
 </metadata>
 <defs>
  <style type="text/css">*{stroke-linejoin: round; stroke-linecap: butt}</style>
 </defs>
 <g id="figure_1">
  <g id="patch_1">
   <path d="M -0 792.361875 
L 788.5105 792.361875 
L 788.5105 0 
L -0 0 
z
" style="fill: #ffffff"/>
  </g>
  <g id="axes_1">
   <g id="patch_2">
    <path d="M 721.3825 418.779375 
C 721.3825 375.09749 712.778121 331.840357 696.061788 291.483558 
C 679.345454 251.126759 654.842256 214.455132 623.9545 183.567375 
C 593.066743 152.679619 556.395116 128.176421 516.038317 111.460087 
C 475.681518 94.743754 432.424385 86.139375 388.7425 86.139375 
C 345.060615 86.139375 301.803482 94.743754 261.446683 111.460087 
C 221.089884 128.176421 184.418257 152.679619 153.5305 183.567375 
C 122.642744 214.455132 98.139546 251.126759 81.423212 291.483558 
C 64.706879 331.840357 56.1025 375.09749 56.1025 418.779375 
C 56.1025 462.46126 64.706879 505.718393 81.423212 546.075192 
C 98.139546 586.431991 122.642744 623.103618 153.5305 653.991375 
C 184.418257 684.879131 221.089884 709.382329 261.446683 726.098663 
C 301.803482 742.814996 345.060615 751.419375 388.7425 751.419375 
C 432.424385 751.419375 475.681518 742.814996 516.038317 726.098663 
C 556.395116 709.382329 593.066743 684.879131 623.9545 653.991375 
C 654.842256 623.103618 679.345454 586.431991 696.061788 546.075192 
C 712.778121 505.718393 721.3825 462.46126 721.3825 418.779375 
M 388.7425 418.779375 
C 388.7425 418.779375 388.7425 418.779375 388.7425 418.779375 
C 388.7425 418.779375 388.7425 418.779375 388.7425 418.779375 
C 388.7425 418.779375 388.7425 418.779375 388.7425 418.779375 
C 388.7425 418.779375 388.7425 418.779375 388.7425 418.779375 
C 388.7425 418.779375 388.7425 418.779375 388.7425 418.779375 
C 388.7425 418.779375 388.7425 418.779375 388.7425 418.779375 
C 388.7425 418.779375 388.7425 418.779375 388.7425 418.779375 
C 388.7425 418.779375 388.7425 418.779375 388.7425 418.779375 
C 388.7425 418.779375 388.7425 418.779375 388.7425 418.779375 
C 388.7425 418.779375 388.7425 418.779375 388.7425 418.779375 
C 388.7425 418.779375 388.7425 418.779375 388.7425 418.779375 
C 388.7425 418.779375 388.7425 418.779375 388.7425 418.779375 
C 388.7425 418.779375 388.7425 418.779375 388.7425 418.779375 
C 388.7425 418.779375 388.7425 418.779375 388.7425 418.779375 
C 388.7425 418.779375 388.7425 418.779375 388.7425 418.779375 
C 388.7425 418.779375 388.7425 418.779375 388.7425 418.779375 
z
" style="fill: #ffffff"/>
   </g>
   <g id="matplotlib.axis_1">
    <g id="xtick_1">
     <g id="line2d_1">
      <path d="M 388.7425 418.779375 
L 388.7425 86.139375 
" clip-path="url(#p56ad8479ec)" style="fill: none; stroke: #b0b0b0; stroke-width: 1.5; stroke-linecap: square"/>
     </g>
     <g id="text_1">
      <text style="font: 16px 'DejaVu Sans', 'Bitstream Vera Sans', 'Computer Modern Sans Serif', 'Lucida Grande', 'Verdana', 'Geneva', 'Lucid', 'Arial', 'Helvetica', 'Avant Garde', sans-serif; text-anchor: middle" x="388.7425" y="64.554375" transform="rotate(-0 388.7425 64.554375)">0.0</text>
     </g>
    </g>
    <g id="xtick_2">
     <g id="line2d_2">
      <path d="M 388.7425 418.779375 
L 516.038317 111.460087 
" clip-path="url(#p56ad8479ec)" style="fill: none; stroke: #b0b0b0; stroke-width: 1.5; stroke-linecap: square"/>
     </g>
     <g id="text_2">
      <text style="font: 16px 'DejaVu Sans', 'Bitstream Vera Sans', 'Computer Modern Sans Serif', 'Lucida Grande', 'Verdana', 'Geneva', 'Lucid', 'Arial', 'Helvetica', 'Avant Garde', sans-serif; text-anchor: middle" x="525.988086" y="91.854219" transform="rotate(-0 525.988086 91.854219)">22.5</text>
     </g>
    </g>
    <g id="xtick_3">
     <g id="line2d_3">
      <path d="M 388.7425 418.779375 
L 623.9545 183.567375 
" clip-path="url(#p56ad8479ec)" style="fill: none; stroke: #b0b0b0; stroke-width: 1.5; stroke-linecap: square"/>
     </g>
     <g id="text_3">
      <text style="font: 16px 'DejaVu Sans', 'Bitstream Vera Sans', 'Computer Modern Sans Serif', 'Lucida Grande', 'Verdana', 'Geneva', 'Lucid', 'Arial', 'Helvetica', 'Avant Garde', sans-serif; text-anchor: middle" x="642.339276" y="169.597599" transform="rotate(-0 642.339276 169.597599)">45.0</text>
     </g>
    </g>
    <g id="xtick_4">
     <g id="line2d_4">
      <path d="M 388.7425 418.779375 
L 696.061788 291.483558 
" clip-path="url(#p56ad8479ec)" style="fill: none; stroke: #b0b0b0; stroke-width: 1.5; stroke-linecap: square"/>
     </g>
     <g id="text_4">
      <text style="font: 16px 'DejaVu Sans', 'Bitstream Vera Sans', 'Computer Modern Sans Serif', 'Lucida Grande', 'Verdana', 'Geneva', 'Lucid', 'Arial', 'Helvetica', 'Avant Garde', sans-serif; text-anchor: middle" x="720.082656" y="285.948789" transform="rotate(-0 720.082656 285.948789)">67.5</text>
     </g>
    </g>
    <g id="xtick_5">
     <g id="line2d_5">
      <path d="M 388.7425 418.779375 
L 721.3825 418.779375 
" clip-path="url(#p56ad8479ec)" style="fill: none; stroke: #b0b0b0; stroke-width: 1.5; stroke-linecap: square"/>
     </g>
     <g id="text_5">
      <text style="font: 16px 'DejaVu Sans', 'Bitstream Vera Sans', 'Computer Modern Sans Serif', 'Lucida Grande', 'Verdana', 'Geneva', 'Lucid', 'Arial', 'Helvetica', 'Avant Garde', sans-serif; text-anchor: middle" x="747.3825" y="423.194375" transform="rotate(-0 747.3825 423.194375)">90.0</text>
     </g>
    </g>
    <g id="xtick_6">
     <g id="line2d_6">
      <path d="M 388.7425 418.779375 
L 696.061788 546.075192 
" clip-path="url(#p56ad8479ec)" style="fill: none; stroke: #b0b0b0; stroke-width: 1.5; stroke-linecap: square"/>
     </g>
     <g id="text_6">
      <text style="font: 16px 'DejaVu Sans', 'Bitstream Vera Sans', 'Computer Modern Sans Serif', 'Lucida Grande', 'Verdana', 'Geneva', 'Lucid', 'Arial', 'Helvetica', 'Avant Garde', sans-serif; text-anchor: middle" x="720.082656" y="560.439961" transform="rotate(-0 720.082656 560.439961)">112.5</text>
     </g>
    </g>
    <g id="xtick_7">
     <g id="line2d_7">
      <path d="M 388.7425 418.779375 
L 623.9545 653.991375 
" clip-path="url(#p56ad8479ec)" style="fill: none; stroke: #b0b0b0; stroke-width: 1.5; stroke-linecap: square"/>
     </g>
     <g id="text_7">
      <text style="font: 16px 'DejaVu Sans', 'Bitstream Vera Sans', 'Computer Modern Sans Serif', 'Lucida Grande', 'Verdana', 'Geneva', 'Lucid', 'Arial', 'Helvetica', 'Avant Garde', sans-serif; text-anchor: middle" x="642.339276" y="676.791151" transform="rotate(-0 642.339276 676.791151)">135.0</text>
     </g>
    </g>
    <g id="xtick_8">
     <g id="line2d_8">
      <path d="M 388.7425 418.779375 
L 516.038317 726.098663 
" clip-path="url(#p56ad8479ec)" style="fill: none; stroke: #b0b0b0; stroke-width: 1.5; stroke-linecap: square"/>
     </g>
     <g id="text_8">
      <text style="font: 16px 'DejaVu Sans', 'Bitstream Vera Sans', 'Computer Modern Sans Serif', 'Lucida Grande', 'Verdana', 'Geneva', 'Lucid', 'Arial', 'Helvetica', 'Avant Garde', sans-serif; text-anchor: middle" x="525.988086" y="754.534531" transform="rotate(-0 525.988086 754.534531)">157.5</text>
     </g>
    </g>
    <g id="xtick_9">
     <g id="line2d_9">
      <path d="M 388.7425 418.779375 
L 388.7425 751.419375 
" clip-path="url(#p56ad8479ec)" style="fill: none; stroke: #b0b0b0; stroke-width: 1.5; stroke-linecap: square"/>
     </g>
     <g id="text_9">
      <text style="font: 16px 'DejaVu Sans', 'Bitstream Vera Sans', 'Computer Modern Sans Serif', 'Lucida Grande', 'Verdana', 'Geneva', 'Lucid', 'Arial', 'Helvetica', 'Avant Garde', sans-serif; text-anchor: middle" x="388.7425" y="781.834375" transform="rotate(-0 388.7425 781.834375)">180.0</text>
     </g>
    </g>
    <g id="xtick_10">
     <g id="line2d_10">
      <path d="M 388.7425 418.779375 
L 261.446683 726.098663 
" clip-path="url(#p56ad8479ec)" style="fill: none; stroke: #b0b0b0; stroke-width: 1.5; stroke-linecap: square"/>
     </g>
     <g id="text_10">
      <text style="font: 16px 'DejaVu Sans', 'Bitstream Vera Sans', 'Computer Modern Sans Serif', 'Lucida Grande', 'Verdana', 'Geneva', 'Lucid', 'Arial', 'Helvetica', 'Avant Garde', sans-serif; text-anchor: middle" x="251.496914" y="754.534531" transform="rotate(-0 251.496914 754.534531)">202.5</text>
     </g>
    </g>
    <g id="xtick_11">
     <g id="line2d_11">
      <path d="M 388.7425 418.779375 
L 153.5305 653.991375 
" clip-path="url(#p56ad8479ec)" style="fill: none; stroke: #b0b0b0; stroke-width: 1.5; stroke-linecap: square"/>
     </g>
     <g id="text_11">
      <text style="font: 16px 'DejaVu Sans', 'Bitstream Vera Sans', 'Computer Modern Sans Serif', 'Lucida Grande', 'Verdana', 'Geneva', 'Lucid', 'Arial', 'Helvetica', 'Avant Garde', sans-serif; text-anchor: middle" x="135.145724" y="676.791151" transform="rotate(-0 135.145724 676.791151)">225.0</text>
     </g>
    </g>
    <g id="xtick_12">
     <g id="line2d_12">
      <path d="M 388.7425 418.779375 
L 81.423212 546.075192 
" clip-path="url(#p56ad8479ec)" style="fill: none; stroke: #b0b0b0; stroke-width: 1.5; stroke-linecap: square"/>
     </g>
     <g id="text_12">
      <text style="font: 16px 'DejaVu Sans', 'Bitstream Vera Sans', 'Computer Modern Sans Serif', 'Lucida Grande', 'Verdana', 'Geneva', 'Lucid', 'Arial', 'Helvetica', 'Avant Garde', sans-serif; text-anchor: middle" x="57.402344" y="560.439961" transform="rotate(-0 57.402344 560.439961)">247.5</text>
     </g>
    </g>
    <g id="xtick_13">
     <g id="line2d_13">
      <path d="M 388.7425 418.779375 
L 56.1025 418.779375 
" clip-path="url(#p56ad8479ec)" style="fill: none; stroke: #b0b0b0; stroke-width: 1.5; stroke-linecap: square"/>
     </g>
     <g id="text_13">
      <text style="font: 16px 'DejaVu Sans', 'Bitstream Vera Sans', 'Computer Modern Sans Serif', 'Lucida Grande', 'Verdana', 'Geneva', 'Lucid', 'Arial', 'Helvetica', 'Avant Garde', sans-serif; text-anchor: middle" x="30.1025" y="423.194375" transform="rotate(-0 30.1025 423.194375)">270.0</text>
     </g>
    </g>
    <g id="xtick_14">
     <g id="line2d_14">
      <path d="M 388.7425 418.779375 
L 81.423212 291.483558 
" clip-path="url(#p56ad8479ec)" style="fill: none; stroke: #b0b0b0; stroke-width: 1.5; stroke-linecap: square"/>
     </g>
     <g id="text_14">
      <text style="font: 16px 'DejaVu Sans', 'Bitstream Vera Sans', 'Computer Modern Sans Serif', 'Lucida Grande', 'Verdana', 'Geneva', 'Lucid', 'Arial', 'Helvetica', 'Avant Garde', sans-serif; text-anchor: middle" x="57.402344" y="285.948789" transform="rotate(-0 57.402344 285.948789)">292.5</text>
     </g>
    </g>
    <g id="xtick_15">
     <g id="line2d_15">
      <path d="M 388.7425 418.779375 
L 153.5305 183.567375 
" clip-path="url(#p56ad8479ec)" style="fill: none; stroke: #b0b0b0; stroke-width: 1.5; stroke-linecap: square"/>
     </g>
     <g id="text_15">
      <text style="font: 16px 'DejaVu Sans', 'Bitstream Vera Sans', 'Computer Modern Sans Serif', 'Lucida Grande', 'Verdana', 'Geneva', 'Lucid', 'Arial', 'Helvetica', 'Avant Garde', sans-serif; text-anchor: middle" x="135.145724" y="169.597599" transform="rotate(-0 135.145724 169.597599)">315.0</text>
     </g>
    </g>
    <g id="xtick_16">
     <g id="line2d_16">
      <path d="M 388.7425 418.779375 
L 261.446683 111.460087 
" clip-path="url(#p56ad8479ec)" style="fill: none; stroke: #b0b0b0; stroke-width: 1.5; stroke-linecap: square"/>
     </g>
     <g id="text_16">
      <text style="font: 16px 'DejaVu Sans', 'Bitstream Vera Sans', 'Computer Modern Sans Serif', 'Lucida Grande', 'Verdana', 'Geneva', 'Lucid', 'Arial', 'Helvetica', 'Avant Garde', sans-serif; text-anchor: middle" x="251.496914" y="91.854219" transform="rotate(-0 251.496914 91.854219)">337.5</text>
     </g>
    </g>
    <g id="xtick_17">
     <g id="line2d_17">
      <path d="M 388.7425 418.779375 
L 388.7425 86.139375 
" clip-path="url(#p56ad8479ec)" style="fill: none; stroke: #b0b0b0; stroke-width: 1.5; stroke-linecap: square"/>
     </g>
    </g>
   </g>
   <g id="matplotlib.axis_2">
    <g id="ytick_1">
     <g id="line2d_18">
      <path d="M 388.7425 352.875754 
C 397.396884 352.875754 405.967115 354.580479 413.962724 357.892369 
C 421.958332 361.204258 429.223823 366.058904 435.343397 372.178478 
C 441.462971 378.298052 446.317617 385.563543 449.629506 393.559151 
C 452.941396 401.55476 454.646121 410.124991 454.646121 418.779375 
C 454.646121 427.433759 452.941396 436.00399 449.629506 443.999599 
C 446.317617 451.995207 441.462971 459.260698 435.343397 465.380272 
C 429.223823 471.499846 421.958332 476.354492 413.962724 479.666381 
C 405.967115 482.978271 397.396884 484.682996 388.7425 484.682996 
C 380.088116 484.682996 371.517885 482.978271 363.522276 479.666381 
C 355.526668 476.354492 348.261177 471.499846 342.141603 465.380272 
C 336.022029 459.260698 331.167383 451.995207 327.855494 443.999599 
C 324.543604 436.00399 322.838879 427.433759 322.838879 418.779375 
C 322.838879 410.124991 324.543604 401.55476 327.855494 393.559151 
C 331.167383 385.563543 336.022029 378.298052 342.141603 372.178478 
C 348.261177 366.058904 355.526668 361.204258 363.522276 357.892369 
C 371.517885 354.580479 380.088116 352.875754 388.7425 352.875754 
" clip-path="url(#p56ad8479ec)" style="fill: none; stroke: #b0b0b0; stroke-width: 1.5; stroke-linecap: square"/>
     </g>
     <g id="text_17">
      <text style="font: 16px 'DejaVu Sans', 'Bitstream Vera Sans', 'Computer Modern Sans Serif', 'Lucida Grande', 'Verdana', 'Geneva', 'Lucid', 'Arial', 'Helvetica', 'Avant Garde', sans-serif; text-anchor: start" x="413.962724" y="354.564869" transform="rotate(-0 413.962724 354.564869)">0.01</text>
     </g>
    </g>
    <g id="ytick_2">
     <g id="line2d_19">
      <path d="M 388.7425 255.175491 
C 410.226765 255.175491 431.502123 259.407422 451.350996 267.629095 
C 471.199869 275.850767 489.236246 287.902289 504.427916 303.093959 
C 519.619586 318.285629 531.671108 336.322006 539.89278 356.170879 
C 548.114453 376.019752 552.346384 397.29511 552.346384 418.779375 
C 552.346384 440.26364 548.114453 461.538998 539.89278 481.387871 
C 531.671108 501.236744 519.619586 519.273121 504.427916 534.464791 
C 489.236246 549.656461 471.199869 561.707983 451.350996 569.929655 
C 431.502123 578.151328 410.226765 582.383259 388.7425 582.383259 
C 367.258235 582.383259 345.982877 578.151328 326.134004 569.929655 
C 306.285131 561.707983 288.248754 549.656461 273.057084 534.464791 
C 257.865414 519.273121 245.813892 501.236744 237.59222 481.387871 
C 229.370547 461.538998 225.138616 440.26364 225.138616 418.779375 
C 225.138616 397.29511 229.370547 376.019752 237.59222 356.170879 
C 245.813892 336.322006 257.865414 318.285629 273.057084 303.093959 
C 288.248754 287.902289 306.285131 275.850767 326.134004 267.629095 
C 345.982877 259.407422 367.258235 255.175491 388.7425 255.175491 
" clip-path="url(#p56ad8479ec)" style="fill: none; stroke: #b0b0b0; stroke-width: 1.5; stroke-linecap: square"/>
     </g>
     <g id="text_18">
      <text style="font: 16px 'DejaVu Sans', 'Bitstream Vera Sans', 'Computer Modern Sans Serif', 'Lucida Grande', 'Verdana', 'Geneva', 'Lucid', 'Arial', 'Helvetica', 'Avant Garde', sans-serif; text-anchor: start" x="451.350996" y="264.301595" transform="rotate(-0 451.350996 264.301595)">0.04</text>
     </g>
    </g>
    <g id="ytick_3">
     <g id="line2d_20">
      <path d="M 388.7425 157.475227 
C 423.056646 157.475227 457.037131 164.234365 488.739268 177.365821 
C 520.441406 190.497276 549.24867 209.745674 573.512435 234.00944 
C 597.776201 258.273205 617.024599 287.080469 630.156054 318.782607 
C 643.28751 350.484744 650.046648 384.465229 650.046648 418.779375 
C 650.046648 453.093521 643.28751 487.074006 630.156054 518.776143 
C 617.024599 550.478281 597.776201 579.285545 573.512435 603.54931 
C 549.24867 627.813076 520.441406 647.061474 488.739268 660.192929 
C 457.037131 673.324385 423.056646 680.083523 388.7425 680.083523 
C 354.428354 680.083523 320.447869 673.324385 288.745732 660.192929 
C 257.043594 647.061474 228.23633 627.813076 203.972565 603.54931 
C 179.708799 579.285545 160.460401 550.478281 147.328946 518.776143 
C 134.19749 487.074006 127.438352 453.093521 127.438352 418.779375 
C 127.438352 384.465229 134.19749 350.484744 147.328946 318.782607 
C 160.460401 287.080469 179.708799 258.273205 203.972565 234.00944 
C 228.23633 209.745674 257.043594 190.497276 288.745732 177.365821 
C 320.447869 164.234365 354.428354 157.475227 388.7425 157.475227 
" clip-path="url(#p56ad8479ec)" style="fill: none; stroke: #b0b0b0; stroke-width: 1.5; stroke-linecap: square"/>
     </g>
     <g id="text_19">
      <text style="font: 16px 'DejaVu Sans', 'Bitstream Vera Sans', 'Computer Modern Sans Serif', 'Lucida Grande', 'Verdana', 'Geneva', 'Lucid', 'Arial', 'Helvetica', 'Avant Garde', sans-serif; text-anchor: start" x="488.739268" y="174.038321" transform="rotate(-0 488.739268 174.038321)">0.06</text>
     </g>
    </g>
   </g>
   <g id="line2d_21">
    <path d="M 388.7425 321.68397 
L 424.737498 331.879762 
L 623.9545 183.567375 
L 521.478998 363.798117 
L 425.216784 418.779375 
L 440.808382 440.34577 
L 469.955231 499.992106 
L 420.562757 495.600271 
L 388.7425 515.87478 
L 352.747502 505.678988 
L 153.5305 653.991375 
L 256.006002 473.760633 
L 352.268216 418.779375 
L 336.676618 397.21298 
L 307.529769 337.566644 
L 356.922243 341.958479 
L 388.7425 321.68397 
" clip-path="url(#p56ad8479ec)" style="fill: none; stroke: #d1a6de; stroke-opacity: 0.7; stroke-width: 10; stroke-linecap: square"/>
   </g>
   <g id="line2d_22">
    <path d="M 388.7425 366.150529 
L 421.261316 340.272007 
L 516.984883 290.536992 
L 534.221178 358.520134 
L 498.834435 418.779375 
L 411.861083 428.355406 
L 388.7425 418.779375 
L 397.595012 440.15123 
L 388.7425 471.408221 
L 356.223684 497.286743 
L 260.500117 547.021758 
L 243.263822 479.038616 
L 278.650565 418.779375 
L 365.623917 409.203344 
L 388.7425 418.779375 
L 379.889988 397.40752 
L 388.7425 366.150529 
" clip-path="url(#p56ad8479ec)" style="fill: none; stroke: #c715f4; stroke-opacity: 0.7; stroke-width: 10; stroke-linecap: square"/>
   </g>
   <g id="patch_3">
    <path d="M 388.7425 86.139375 
C 345.060615 86.139375 301.803482 94.743754 261.446683 111.460087 
C 221.089884 128.176421 184.418257 152.679619 153.5305 183.567375 
C 122.642744 214.455132 98.139546 251.126759 81.423212 291.483558 
C 64.706879 331.840357 56.1025 375.09749 56.1025 418.779375 
C 56.1025 462.46126 64.706879 505.718393 81.423212 546.075192 
C 98.139546 586.431991 122.642744 623.103618 153.5305 653.991375 
C 184.418257 684.879131 221.089884 709.382329 261.446683 726.098663 
C 301.803482 742.814996 345.060615 751.419375 388.7425 751.419375 
C 432.424385 751.419375 475.681518 742.814996 516.038317 726.098663 
C 556.395116 709.382329 593.066743 684.879131 623.9545 653.991375 
C 654.842256 623.103618 679.345454 586.431991 696.061788 546.075192 
C 712.778121 505.718393 721.3825 462.46126 721.3825 418.779375 
C 721.3825 375.09749 712.778121 331.840357 696.061788 291.483558 
C 679.345454 251.126759 654.842256 214.455132 623.9545 183.567375 
C 593.066743 152.679619 556.395116 128.176421 516.038317 111.460087 
C 475.681518 94.743754 432.424385 86.139375 388.7425 86.139375 
" style="fill: none; stroke: #000000; stroke-width: 1.875; stroke-linejoin: miter; stroke-linecap: square"/>
   </g>
   <g id="text_20">
    <text style="font: 20px 'DejaVu Sans', 'Bitstream Vera Sans', 'Computer Modern Sans Serif', 'Lucida Grande', 'Verdana', 'Geneva', 'Lucid', 'Arial', 'Helvetica', 'Avant Garde', sans-serif; text-anchor: middle" x="388.7425" y="22.396875" transform="rotate(-0 388.7425 22.396875)">cell 230228_003_22 in LI</text>
   </g>
   <g id="legend_1">
    <g id="line2d_23">
     <path d="M 667.7245 36.901312 
L 680.9245 36.901312 
L 694.1245 36.901312 
" style="fill: none; stroke: #d1a6de; stroke-opacity: 0.7; stroke-width: 10; stroke-linecap: square"/>
    </g>
    <g id="text_21">
     <text style="font: 13.2px 'DejaVu Sans', 'Bitstream Vera Sans', 'Computer Modern Sans Serif', 'Lucida Grande', 'Verdana', 'Geneva', 'Lucid', 'Arial', 'Helvetica', 'Avant Garde', sans-serif; text-anchor: start" x="704.6845" y="41.521312" transform="rotate(-0 704.6845 41.521312)">unadapted</text>
    </g>
    <g id="line2d_24">
     <path d="M 667.7245 56.276437 
L 680.9245 56.276437 
L 694.1245 56.276437 
" style="fill: none; stroke: #c715f4; stroke-opacity: 0.7; stroke-width: 10; stroke-linecap: square"/>
    </g>
    <g id="text_22">
     <text style="font: 13.2px 'DejaVu Sans', 'Bitstream Vera Sans', 'Computer Modern Sans Serif', 'Lucida Grande', 'Verdana', 'Geneva', 'Lucid', 'Arial', 'Helvetica', 'Avant Garde', sans-serif; text-anchor: start" x="704.6845" y="60.896437" transform="rotate(-0 704.6845 60.896437)">adapted</text>
    </g>
   </g>
  </g>
 </g>
 <defs>
  <clipPath id="p56ad8479ec">
   <path d="M 721.3825 418.779375 
C 721.3825 375.09749 712.778121 331.840357 696.061788 291.483558 
C 679.345454 251.126759 654.842256 214.455132 623.9545 183.567375 
C 593.066743 152.679619 556.395116 128.176421 516.038317 111.460087 
C 475.681518 94.743754 432.424385 86.139375 388.7425 86.139375 
C 345.060615 86.139375 301.803482 94.743754 261.446683 111.460087 
C 221.089884 128.176421 184.418257 152.679619 153.5305 183.567375 
C 122.642744 214.455132 98.139546 251.126759 81.423212 291.483558 
C 64.706879 331.840357 56.1025 375.09749 56.1025 418.779375 
C 56.1025 462.46126 64.706879 505.718393 81.423212 546.075192 
C 98.139546 586.431991 122.642744 623.103618 153.5305 653.991375 
C 184.418257 684.879131 221.089884 709.382329 261.446683 726.098663 
C 301.803482 742.814996 345.060615 751.419375 388.7425 751.419375 
C 432.424385 751.419375 475.681518 742.814996 516.038317 726.098663 
C 556.395116 709.382329 593.066743 684.879131 623.9545 653.991375 
C 654.842256 623.103618 679.345454 586.431991 696.061788 546.075192 
C 712.778121 505.718393 721.3825 462.46126 721.3825 418.779375 
M 388.7425 418.779375 
C 388.7425 418.779375 388.7425 418.779375 388.7425 418.779375 
C 388.7425 418.779375 388.7425 418.779375 388.7425 418.779375 
C 388.7425 418.779375 388.7425 418.779375 388.7425 418.779375 
C 388.7425 418.779375 388.7425 418.779375 388.7425 418.779375 
C 388.7425 418.779375 388.7425 418.779375 388.7425 418.779375 
C 388.7425 418.779375 388.7425 418.779375 388.7425 418.779375 
C 388.7425 418.779375 388.7425 418.779375 388.7425 418.779375 
C 388.7425 418.779375 388.7425 418.779375 388.7425 418.779375 
C 388.7425 418.779375 388.7425 418.779375 388.7425 418.779375 
C 388.7425 418.779375 388.7425 418.779375 388.7425 418.779375 
C 388.7425 418.779375 388.7425 418.779375 388.7425 418.779375 
C 388.7425 418.779375 388.7425 418.779375 388.7425 418.779375 
C 388.7425 418.779375 388.7425 418.779375 388.7425 418.779375 
C 388.7425 418.779375 388.7425 418.779375 388.7425 418.779375 
C 388.7425 418.779375 388.7425 418.779375 388.7425 418.779375 
C 388.7425 418.779375 388.7425 418.779375 388.7425 418.779375 
z
"/>
  </clipPath>
 </defs>
</svg>
