<?xml version="1.0" encoding="utf-8" standalone="no"?>
<!DOCTYPE svg PUBLIC "-//W3C//DTD SVG 1.1//EN"
  "http://www.w3.org/Graphics/SVG/1.1/DTD/svg11.dtd">
<svg xmlns:xlink="http://www.w3.org/1999/xlink" width="163.100169pt" height="96.900169pt" viewBox="0 0 163.100169 96.900169" xmlns="http://www.w3.org/2000/svg" version="1.1">
 <metadata>
  <rdf:RDF xmlns:dc="http://purl.org/dc/elements/1.1/" xmlns:cc="http://creativecommons.org/ns#" xmlns:rdf="http://www.w3.org/1999/02/22-rdf-syntax-ns#">
   <cc:Work>
    <dc:type rdf:resource="http://purl.org/dc/dcmitype/StillImage"/>
    <dc:date>2023-12-19T10:14:13.266986</dc:date>
    <dc:format>image/svg+xml</dc:format>
    <dc:creator>
     <cc:Agent>
      <dc:title>Matplotlib v3.7.2, https://matplotlib.org/</dc:title>
     </cc:Agent>
    </dc:creator>
   </cc:Work>
  </rdf:RDF>
 </metadata>
 <defs>
  <style type="text/css">*{stroke-linejoin: round; stroke-linecap: butt}</style>
 </defs>
 <g id="figure_1">
  <g id="patch_1">
   <path d="M -0 96.900169 
L 163.100169 96.900169 
L 163.100169 0 
L -0 0 
z
" style="fill: #ffffff"/>
  </g>
  <g id="axes_1">
   <g id="patch_2">
    <path d="M 65.957669 48.450085 
C 65.957669 44.592091 65.197729 40.771612 63.721339 37.207291 
C 62.244949 33.64297 60.080821 30.404125 57.352808 27.676111 
C 54.624795 24.948098 51.385949 22.783971 47.821628 21.307581 
C 44.257307 19.831191 40.436828 19.07125 36.578835 19.07125 
C 32.720841 19.07125 28.900362 19.831191 25.336041 21.307581 
C 21.77172 22.783971 18.532875 24.948098 15.804861 27.676111 
C 13.076848 30.404125 10.912721 33.64297 9.436331 37.207291 
C 7.959941 40.771612 7.2 44.592091 7.2 48.450085 
C 7.2 52.308078 7.959941 56.128557 9.436331 59.692878 
C 10.912721 63.257199 13.076848 66.496045 15.804861 69.224058 
C 18.532875 71.952071 21.77172 74.116199 25.336041 75.592589 
C 28.900362 77.068979 32.720841 77.828919 36.578835 77.828919 
C 40.436828 77.828919 44.257307 77.068979 47.821628 75.592589 
C 51.385949 74.116199 54.624795 71.952071 57.352808 69.224058 
C 60.080821 66.496045 62.244949 63.257199 63.721339 59.692878 
C 65.197729 56.128557 65.957669 52.308078 65.957669 48.450085 
M 36.578835 48.450085 
C 36.578835 48.450085 36.578835 48.450085 36.578835 48.450085 
C 36.578835 48.450085 36.578835 48.450085 36.578835 48.450085 
C 36.578835 48.450085 36.578835 48.450085 36.578835 48.450085 
C 36.578835 48.450085 36.578835 48.450085 36.578835 48.450085 
C 36.578835 48.450085 36.578835 48.450085 36.578835 48.450085 
C 36.578835 48.450085 36.578835 48.450085 36.578835 48.450085 
C 36.578835 48.450085 36.578835 48.450085 36.578835 48.450085 
C 36.578835 48.450085 36.578835 48.450085 36.578835 48.450085 
C 36.578835 48.450085 36.578835 48.450085 36.578835 48.450085 
C 36.578835 48.450085 36.578835 48.450085 36.578835 48.450085 
C 36.578835 48.450085 36.578835 48.450085 36.578835 48.450085 
C 36.578835 48.450085 36.578835 48.450085 36.578835 48.450085 
C 36.578835 48.450085 36.578835 48.450085 36.578835 48.450085 
C 36.578835 48.450085 36.578835 48.450085 36.578835 48.450085 
C 36.578835 48.450085 36.578835 48.450085 36.578835 48.450085 
C 36.578835 48.450085 36.578835 48.450085 36.578835 48.450085 
z
" style="fill: #ffffff"/>
   </g>
   <g id="matplotlib.axis_1">
    <g id="xtick_1">
     <g id="line2d_1">
      <path d="M 36.578835 48.450085 
L 36.578835 19.07125 
" clip-path="url(#p0e15da1ad8)" style="fill: none; stroke: #b0b0b0; stroke-width: 1.5; stroke-linecap: square"/>
     </g>
     <g id="text_1">
      <text style="font: 8px 'DejaVu Sans', 'Bitstream Vera Sans', 'Computer Modern Sans Serif', 'Lucida Grande', 'Verdana', 'Geneva', 'Lucid', 'Arial', 'Helvetica', 'Avant Garde', sans-serif; text-anchor: middle" x="36.578835" y="13.27875" transform="rotate(-0 36.578835 13.27875)">0</text>
     </g>
    </g>
    <g id="xtick_2">
     <g id="line2d_2">
      <path d="M 36.578835 48.450085 
L 47.821628 21.307581 
" clip-path="url(#p0e15da1ad8)" style="fill: none; stroke: #b0b0b0; stroke-width: 1.5; stroke-linecap: square"/>
     </g>
    </g>
    <g id="xtick_3">
     <g id="line2d_3">
      <path d="M 36.578835 48.450085 
L 57.352808 27.676111 
" clip-path="url(#p0e15da1ad8)" style="fill: none; stroke: #b0b0b0; stroke-width: 1.5; stroke-linecap: square"/>
     </g>
    </g>
    <g id="xtick_4">
     <g id="line2d_4">
      <path d="M 36.578835 48.450085 
L 63.721339 37.207291 
" clip-path="url(#p0e15da1ad8)" style="fill: none; stroke: #b0b0b0; stroke-width: 1.5; stroke-linecap: square"/>
     </g>
    </g>
    <g id="xtick_5">
     <g id="line2d_5">
      <path d="M 36.578835 48.450085 
L 65.957669 48.450085 
" clip-path="url(#p0e15da1ad8)" style="fill: none; stroke: #b0b0b0; stroke-width: 1.5; stroke-linecap: square"/>
     </g>
     <g id="text_2">
      <text style="font: 8px 'DejaVu Sans', 'Bitstream Vera Sans', 'Computer Modern Sans Serif', 'Lucida Grande', 'Verdana', 'Geneva', 'Lucid', 'Arial', 'Helvetica', 'Avant Garde', sans-serif; text-anchor: middle" x="73.957669" y="50.657585" transform="rotate(-0 73.957669 50.657585)">90</text>
     </g>
    </g>
    <g id="xtick_6">
     <g id="line2d_6">
      <path d="M 36.578835 48.450085 
L 63.721339 59.692878 
" clip-path="url(#p0e15da1ad8)" style="fill: none; stroke: #b0b0b0; stroke-width: 1.5; stroke-linecap: square"/>
     </g>
    </g>
    <g id="xtick_7">
     <g id="line2d_7">
      <path d="M 36.578835 48.450085 
L 57.352808 69.224058 
" clip-path="url(#p0e15da1ad8)" style="fill: none; stroke: #b0b0b0; stroke-width: 1.5; stroke-linecap: square"/>
     </g>
    </g>
    <g id="xtick_8">
     <g id="line2d_8">
      <path d="M 36.578835 48.450085 
L 47.821628 75.592589 
" clip-path="url(#p0e15da1ad8)" style="fill: none; stroke: #b0b0b0; stroke-width: 1.5; stroke-linecap: square"/>
     </g>
    </g>
    <g id="xtick_9">
     <g id="line2d_9">
      <path d="M 36.578835 48.450085 
L 36.578835 77.828919 
" clip-path="url(#p0e15da1ad8)" style="fill: none; stroke: #b0b0b0; stroke-width: 1.5; stroke-linecap: square"/>
     </g>
     <g id="text_3">
      <text style="font: 8px 'DejaVu Sans', 'Bitstream Vera Sans', 'Computer Modern Sans Serif', 'Lucida Grande', 'Verdana', 'Geneva', 'Lucid', 'Arial', 'Helvetica', 'Avant Garde', sans-serif; text-anchor: middle" x="36.578835" y="88.036419" transform="rotate(-0 36.578835 88.036419)">180</text>
     </g>
    </g>
    <g id="xtick_10">
     <g id="line2d_10">
      <path d="M 36.578835 48.450085 
L 25.336041 75.592589 
" clip-path="url(#p0e15da1ad8)" style="fill: none; stroke: #b0b0b0; stroke-width: 1.5; stroke-linecap: square"/>
     </g>
    </g>
    <g id="xtick_11">
     <g id="line2d_11">
      <path d="M 36.578835 48.450085 
L 15.804861 69.224058 
" clip-path="url(#p0e15da1ad8)" style="fill: none; stroke: #b0b0b0; stroke-width: 1.5; stroke-linecap: square"/>
     </g>
    </g>
    <g id="xtick_12">
     <g id="line2d_12">
      <path d="M 36.578835 48.450085 
L 9.436331 59.692878 
" clip-path="url(#p0e15da1ad8)" style="fill: none; stroke: #b0b0b0; stroke-width: 1.5; stroke-linecap: square"/>
     </g>
    </g>
    <g id="xtick_13">
     <g id="line2d_13">
      <path d="M 36.578835 48.450085 
L 7.2 48.450085 
" clip-path="url(#p0e15da1ad8)" style="fill: none; stroke: #b0b0b0; stroke-width: 1.5; stroke-linecap: square"/>
     </g>
    </g>
    <g id="xtick_14">
     <g id="line2d_14">
      <path d="M 36.578835 48.450085 
L 9.436331 37.207291 
" clip-path="url(#p0e15da1ad8)" style="fill: none; stroke: #b0b0b0; stroke-width: 1.5; stroke-linecap: square"/>
     </g>
    </g>
    <g id="xtick_15">
     <g id="line2d_15">
      <path d="M 36.578835 48.450085 
L 15.804861 27.676111 
" clip-path="url(#p0e15da1ad8)" style="fill: none; stroke: #b0b0b0; stroke-width: 1.5; stroke-linecap: square"/>
     </g>
    </g>
    <g id="xtick_16">
     <g id="line2d_16">
      <path d="M 36.578835 48.450085 
L 25.336041 21.307581 
" clip-path="url(#p0e15da1ad8)" style="fill: none; stroke: #b0b0b0; stroke-width: 1.5; stroke-linecap: square"/>
     </g>
    </g>
    <g id="xtick_17">
     <g id="line2d_17">
      <path d="M 36.578835 48.450085 
L 36.578835 19.07125 
" clip-path="url(#p0e15da1ad8)" style="fill: none; stroke: #b0b0b0; stroke-width: 1.5; stroke-linecap: square"/>
     </g>
    </g>
   </g>
   <g id="matplotlib.axis_2">
    <g id="ytick_1">
     <g id="line2d_18">
      <path d="M 36.578835 33.202104 
C 38.581181 33.202104 40.564057 33.596522 42.413984 34.362787 
C 44.263911 35.129052 45.944912 36.252261 47.360785 37.668134 
C 48.776658 39.084007 49.899867 40.765008 50.666132 42.614935 
C 51.432397 44.464862 51.826815 46.447738 51.826815 48.450085 
C 51.826815 50.452431 51.432397 52.435307 50.666132 54.285234 
C 49.899867 56.135161 48.776658 57.816162 47.360785 59.232035 
C 45.944912 60.647908 44.263911 61.771117 42.413984 62.537382 
C 40.564057 63.303647 38.581181 63.698065 36.578835 63.698065 
C 34.576488 63.698065 32.593612 63.303647 30.743685 62.537382 
C 28.893758 61.771117 27.212757 60.647908 25.796884 59.232035 
C 24.381011 57.816162 23.257802 56.135161 22.491537 54.285234 
C 21.725272 52.435307 21.330854 50.452431 21.330854 48.450085 
C 21.330854 46.447738 21.725272 44.464862 22.491537 42.614935 
C 23.257802 40.765008 24.381011 39.084007 25.796884 37.668134 
C 27.212757 36.252261 28.893758 35.129052 30.743685 34.362787 
C 32.593612 33.596522 34.576488 33.202104 36.578835 33.202104 
" clip-path="url(#p0e15da1ad8)" style="fill: none; stroke: #b0b0b0; stroke-width: 1.5; stroke-linecap: square"/>
     </g>
     <g id="text_4">
      <text style="font: 6px 'DejaVu Sans', 'Bitstream Vera Sans', 'Computer Modern Sans Serif', 'Lucida Grande', 'Verdana', 'Geneva', 'Lucid', 'Arial', 'Helvetica', 'Avant Garde', sans-serif; text-anchor: start" x="51.826815" y="47.202272" transform="rotate(-0 51.826815 47.202272)">0.16</text>
     </g>
    </g>
   </g>
   <g id="line2d_19">
    <path d="M 36.578835 19.07125 
L 41.031901 37.69943 
L 43.309502 41.719417 
L 36.578835 48.450085 
L 40.939842 48.450085 
L 45.249089 52.041421 
L 50.098299 61.969549 
L 44.62272 67.869742 
L 36.578835 77.828919 
L 32.125768 59.200739 
L 29.848167 55.180752 
L 36.578835 48.450085 
L 32.217827 48.450085 
L 27.908581 44.858748 
L 23.05937 34.93062 
L 28.534949 29.030428 
L 36.578835 19.07125 
" clip-path="url(#p0e15da1ad8)" style="fill: none; stroke: #f6cd51; stroke-opacity: 0.7; stroke-linecap: square"/>
   </g>
   <g id="line2d_20">
    <path d="M 36.578835 42.827972 
L 39.666707 40.995302 
L 42.594637 42.434282 
L 39.062235 47.421426 
L 38.939687 48.450085 
L 47.168567 52.836495 
L 49.712057 61.583307 
L 43.988423 66.338413 
L 36.578835 54.072197 
L 33.490962 55.904868 
L 30.563032 54.465887 
L 34.095434 49.478743 
L 34.217982 48.450085 
L 25.989103 44.063674 
L 23.445612 35.316862 
L 29.169246 30.561756 
L 36.578835 42.827972 
" clip-path="url(#p0e15da1ad8)" style="fill: none; stroke: #c48a5a; stroke-opacity: 0.7; stroke-linecap: square"/>
   </g>
   <g id="patch_3">
    <path d="M 36.578835 19.07125 
C 32.720841 19.07125 28.900362 19.831191 25.336041 21.307581 
C 21.77172 22.783971 18.532875 24.948098 15.804861 27.676111 
C 13.076848 30.404125 10.912721 33.64297 9.436331 37.207291 
C 7.959941 40.771612 7.2 44.592091 7.2 48.450085 
C 7.2 52.308078 7.959941 56.128557 9.436331 59.692878 
C 10.912721 63.257199 13.076848 66.496045 15.804861 69.224058 
C 18.532875 71.952071 21.77172 74.116199 25.336041 75.592589 
C 28.900362 77.068979 32.720841 77.828919 36.578835 77.828919 
C 40.436828 77.828919 44.257307 77.068979 47.821628 75.592589 
C 51.385949 74.116199 54.624795 71.952071 57.352808 69.224058 
C 60.080821 66.496045 62.244949 63.257199 63.721339 59.692878 
C 65.197729 56.128557 65.957669 52.308078 65.957669 48.450085 
C 65.957669 44.592091 65.197729 40.771612 63.721339 37.207291 
C 62.244949 33.64297 60.080821 30.404125 57.352808 27.676111 
C 54.624795 24.948098 51.385949 22.783971 47.821628 21.307581 
C 44.257307 19.831191 40.436828 19.07125 36.578835 19.07125 
" style="fill: none; stroke: #000000; stroke-linejoin: miter; stroke-linecap: square"/>
   </g>
   <g id="legend_1">
    <g id="line2d_21">
     <path d="M 73.157669 29.55 
L 81.157669 29.55 
L 89.157669 29.55 
" style="fill: none; stroke: #f6cd51; stroke-opacity: 0.7; stroke-linecap: square"/>
    </g>
    <g id="text_5">
     <text style="font: 8px 'DejaVu Sans', 'Bitstream Vera Sans', 'Computer Modern Sans Serif', 'Lucida Grande', 'Verdana', 'Geneva', 'Lucid', 'Arial', 'Helvetica', 'Avant Garde', sans-serif; text-anchor: start" x="95.557669" y="32.35" transform="rotate(-0 95.557669 32.35)">LM unadapted</text>
    </g>
    <g id="line2d_22">
     <path d="M 73.157669 41.2925 
L 81.157669 41.2925 
L 89.157669 41.2925 
" style="fill: none; stroke: #c48a5a; stroke-opacity: 0.7; stroke-linecap: square"/>
    </g>
    <g id="text_6">
     <text style="font: 8px 'DejaVu Sans', 'Bitstream Vera Sans', 'Computer Modern Sans Serif', 'Lucida Grande', 'Verdana', 'Geneva', 'Lucid', 'Arial', 'Helvetica', 'Avant Garde', sans-serif; text-anchor: start" x="95.557669" y="44.0925" transform="rotate(-0 95.557669 44.0925)">LM adapted</text>
    </g>
   </g>
  </g>
 </g>
 <defs>
  <clipPath id="p0e15da1ad8">
   <path d="M 65.957669 48.450085 
C 65.957669 44.592091 65.197729 40.771612 63.721339 37.207291 
C 62.244949 33.64297 60.080821 30.404125 57.352808 27.676111 
C 54.624795 24.948098 51.385949 22.783971 47.821628 21.307581 
C 44.257307 19.831191 40.436828 19.07125 36.578835 19.07125 
C 32.720841 19.07125 28.900362 19.831191 25.336041 21.307581 
C 21.77172 22.783971 18.532875 24.948098 15.804861 27.676111 
C 13.076848 30.404125 10.912721 33.64297 9.436331 37.207291 
C 7.959941 40.771612 7.2 44.592091 7.2 48.450085 
C 7.2 52.308078 7.959941 56.128557 9.436331 59.692878 
C 10.912721 63.257199 13.076848 66.496045 15.804861 69.224058 
C 18.532875 71.952071 21.77172 74.116199 25.336041 75.592589 
C 28.900362 77.068979 32.720841 77.828919 36.578835 77.828919 
C 40.436828 77.828919 44.257307 77.068979 47.821628 75.592589 
C 51.385949 74.116199 54.624795 71.952071 57.352808 69.224058 
C 60.080821 66.496045 62.244949 63.257199 63.721339 59.692878 
C 65.197729 56.128557 65.957669 52.308078 65.957669 48.450085 
M 36.578835 48.450085 
C 36.578835 48.450085 36.578835 48.450085 36.578835 48.450085 
C 36.578835 48.450085 36.578835 48.450085 36.578835 48.450085 
C 36.578835 48.450085 36.578835 48.450085 36.578835 48.450085 
C 36.578835 48.450085 36.578835 48.450085 36.578835 48.450085 
C 36.578835 48.450085 36.578835 48.450085 36.578835 48.450085 
C 36.578835 48.450085 36.578835 48.450085 36.578835 48.450085 
C 36.578835 48.450085 36.578835 48.450085 36.578835 48.450085 
C 36.578835 48.450085 36.578835 48.450085 36.578835 48.450085 
C 36.578835 48.450085 36.578835 48.450085 36.578835 48.450085 
C 36.578835 48.450085 36.578835 48.450085 36.578835 48.450085 
C 36.578835 48.450085 36.578835 48.450085 36.578835 48.450085 
C 36.578835 48.450085 36.578835 48.450085 36.578835 48.450085 
C 36.578835 48.450085 36.578835 48.450085 36.578835 48.450085 
C 36.578835 48.450085 36.578835 48.450085 36.578835 48.450085 
C 36.578835 48.450085 36.578835 48.450085 36.578835 48.450085 
C 36.578835 48.450085 36.578835 48.450085 36.578835 48.450085 
z
"/>
  </clipPath>
 </defs>
</svg>
