<?xml version="1.0" encoding="utf-8" standalone="no"?>
<!DOCTYPE svg PUBLIC "-//W3C//DTD SVG 1.1//EN"
  "http://www.w3.org/Graphics/SVG/1.1/DTD/svg11.dtd">
<svg xmlns:xlink="http://www.w3.org/1999/xlink" width="788.5105pt" height="792.361875pt" viewBox="0 0 788.5105 792.361875" xmlns="http://www.w3.org/2000/svg" version="1.1">
 <metadata>
  <rdf:RDF xmlns:dc="http://purl.org/dc/elements/1.1/" xmlns:cc="http://creativecommons.org/ns#" xmlns:rdf="http://www.w3.org/1999/02/22-rdf-syntax-ns#">
   <cc:Work>
    <dc:type rdf:resource="http://purl.org/dc/dcmitype/StillImage"/>
    <dc:date>2023-11-16T16:48:21.580976</dc:date>
    <dc:format>image/svg+xml</dc:format>
    <dc:creator>
     <cc:Agent>
      <dc:title>Matplotlib v3.7.2, https://matplotlib.org/</dc:title>
     </cc:Agent>
    </dc:creator>
   </cc:Work>
  </rdf:RDF>
 </metadata>
 <defs>
  <style type="text/css">*{stroke-linejoin: round; stroke-linecap: butt}</style>
 </defs>
 <g id="figure_1">
  <g id="patch_1">
   <path d="M -0 792.361875 
L 788.5105 792.361875 
L 788.5105 0 
L -0 0 
z
" style="fill: #ffffff"/>
  </g>
  <g id="axes_1">
   <g id="patch_2">
    <path d="M 721.3825 418.779375 
C 721.3825 375.09749 712.778121 331.840357 696.061788 291.483558 
C 679.345454 251.126759 654.842256 214.455132 623.9545 183.567375 
C 593.066743 152.679619 556.395116 128.176421 516.038317 111.460087 
C 475.681518 94.743754 432.424385 86.139375 388.7425 86.139375 
C 345.060615 86.139375 301.803482 94.743754 261.446683 111.460087 
C 221.089884 128.176421 184.418257 152.679619 153.5305 183.567375 
C 122.642744 214.455132 98.139546 251.126759 81.423212 291.483558 
C 64.706879 331.840357 56.1025 375.09749 56.1025 418.779375 
C 56.1025 462.46126 64.706879 505.718393 81.423212 546.075192 
C 98.139546 586.431991 122.642744 623.103618 153.5305 653.991375 
C 184.418257 684.879131 221.089884 709.382329 261.446683 726.098663 
C 301.803482 742.814996 345.060615 751.419375 388.7425 751.419375 
C 432.424385 751.419375 475.681518 742.814996 516.038317 726.098663 
C 556.395116 709.382329 593.066743 684.879131 623.9545 653.991375 
C 654.842256 623.103618 679.345454 586.431991 696.061788 546.075192 
C 712.778121 505.718393 721.3825 462.46126 721.3825 418.779375 
M 388.7425 418.779375 
C 388.7425 418.779375 388.7425 418.779375 388.7425 418.779375 
C 388.7425 418.779375 388.7425 418.779375 388.7425 418.779375 
C 388.7425 418.779375 388.7425 418.779375 388.7425 418.779375 
C 388.7425 418.779375 388.7425 418.779375 388.7425 418.779375 
C 388.7425 418.779375 388.7425 418.779375 388.7425 418.779375 
C 388.7425 418.779375 388.7425 418.779375 388.7425 418.779375 
C 388.7425 418.779375 388.7425 418.779375 388.7425 418.779375 
C 388.7425 418.779375 388.7425 418.779375 388.7425 418.779375 
C 388.7425 418.779375 388.7425 418.779375 388.7425 418.779375 
C 388.7425 418.779375 388.7425 418.779375 388.7425 418.779375 
C 388.7425 418.779375 388.7425 418.779375 388.7425 418.779375 
C 388.7425 418.779375 388.7425 418.779375 388.7425 418.779375 
C 388.7425 418.779375 388.7425 418.779375 388.7425 418.779375 
C 388.7425 418.779375 388.7425 418.779375 388.7425 418.779375 
C 388.7425 418.779375 388.7425 418.779375 388.7425 418.779375 
C 388.7425 418.779375 388.7425 418.779375 388.7425 418.779375 
z
" style="fill: #ffffff"/>
   </g>
   <g id="matplotlib.axis_1">
    <g id="xtick_1">
     <g id="line2d_1">
      <path d="M 388.7425 418.779375 
L 388.7425 86.139375 
" clip-path="url(#pdbe5f8b60c)" style="fill: none; stroke: #b0b0b0; stroke-width: 1.5; stroke-linecap: square"/>
     </g>
     <g id="text_1">
      <text style="font: 16px 'DejaVu Sans', 'Bitstream Vera Sans', 'Computer Modern Sans Serif', 'Lucida Grande', 'Verdana', 'Geneva', 'Lucid', 'Arial', 'Helvetica', 'Avant Garde', sans-serif; text-anchor: middle" x="388.7425" y="64.554375" transform="rotate(-0 388.7425 64.554375)">0.0</text>
     </g>
    </g>
    <g id="xtick_2">
     <g id="line2d_2">
      <path d="M 388.7425 418.779375 
L 516.038317 111.460087 
" clip-path="url(#pdbe5f8b60c)" style="fill: none; stroke: #b0b0b0; stroke-width: 1.5; stroke-linecap: square"/>
     </g>
     <g id="text_2">
      <text style="font: 16px 'DejaVu Sans', 'Bitstream Vera Sans', 'Computer Modern Sans Serif', 'Lucida Grande', 'Verdana', 'Geneva', 'Lucid', 'Arial', 'Helvetica', 'Avant Garde', sans-serif; text-anchor: middle" x="525.988086" y="91.854219" transform="rotate(-0 525.988086 91.854219)">22.5</text>
     </g>
    </g>
    <g id="xtick_3">
     <g id="line2d_3">
      <path d="M 388.7425 418.779375 
L 623.9545 183.567375 
" clip-path="url(#pdbe5f8b60c)" style="fill: none; stroke: #b0b0b0; stroke-width: 1.5; stroke-linecap: square"/>
     </g>
     <g id="text_3">
      <text style="font: 16px 'DejaVu Sans', 'Bitstream Vera Sans', 'Computer Modern Sans Serif', 'Lucida Grande', 'Verdana', 'Geneva', 'Lucid', 'Arial', 'Helvetica', 'Avant Garde', sans-serif; text-anchor: middle" x="642.339276" y="169.597599" transform="rotate(-0 642.339276 169.597599)">45.0</text>
     </g>
    </g>
    <g id="xtick_4">
     <g id="line2d_4">
      <path d="M 388.7425 418.779375 
L 696.061788 291.483558 
" clip-path="url(#pdbe5f8b60c)" style="fill: none; stroke: #b0b0b0; stroke-width: 1.5; stroke-linecap: square"/>
     </g>
     <g id="text_4">
      <text style="font: 16px 'DejaVu Sans', 'Bitstream Vera Sans', 'Computer Modern Sans Serif', 'Lucida Grande', 'Verdana', 'Geneva', 'Lucid', 'Arial', 'Helvetica', 'Avant Garde', sans-serif; text-anchor: middle" x="720.082656" y="285.948789" transform="rotate(-0 720.082656 285.948789)">67.5</text>
     </g>
    </g>
    <g id="xtick_5">
     <g id="line2d_5">
      <path d="M 388.7425 418.779375 
L 721.3825 418.779375 
" clip-path="url(#pdbe5f8b60c)" style="fill: none; stroke: #b0b0b0; stroke-width: 1.5; stroke-linecap: square"/>
     </g>
     <g id="text_5">
      <text style="font: 16px 'DejaVu Sans', 'Bitstream Vera Sans', 'Computer Modern Sans Serif', 'Lucida Grande', 'Verdana', 'Geneva', 'Lucid', 'Arial', 'Helvetica', 'Avant Garde', sans-serif; text-anchor: middle" x="747.3825" y="423.194375" transform="rotate(-0 747.3825 423.194375)">90.0</text>
     </g>
    </g>
    <g id="xtick_6">
     <g id="line2d_6">
      <path d="M 388.7425 418.779375 
L 696.061788 546.075192 
" clip-path="url(#pdbe5f8b60c)" style="fill: none; stroke: #b0b0b0; stroke-width: 1.5; stroke-linecap: square"/>
     </g>
     <g id="text_6">
      <text style="font: 16px 'DejaVu Sans', 'Bitstream Vera Sans', 'Computer Modern Sans Serif', 'Lucida Grande', 'Verdana', 'Geneva', 'Lucid', 'Arial', 'Helvetica', 'Avant Garde', sans-serif; text-anchor: middle" x="720.082656" y="560.439961" transform="rotate(-0 720.082656 560.439961)">112.5</text>
     </g>
    </g>
    <g id="xtick_7">
     <g id="line2d_7">
      <path d="M 388.7425 418.779375 
L 623.9545 653.991375 
" clip-path="url(#pdbe5f8b60c)" style="fill: none; stroke: #b0b0b0; stroke-width: 1.5; stroke-linecap: square"/>
     </g>
     <g id="text_7">
      <text style="font: 16px 'DejaVu Sans', 'Bitstream Vera Sans', 'Computer Modern Sans Serif', 'Lucida Grande', 'Verdana', 'Geneva', 'Lucid', 'Arial', 'Helvetica', 'Avant Garde', sans-serif; text-anchor: middle" x="642.339276" y="676.791151" transform="rotate(-0 642.339276 676.791151)">135.0</text>
     </g>
    </g>
    <g id="xtick_8">
     <g id="line2d_8">
      <path d="M 388.7425 418.779375 
L 516.038317 726.098663 
" clip-path="url(#pdbe5f8b60c)" style="fill: none; stroke: #b0b0b0; stroke-width: 1.5; stroke-linecap: square"/>
     </g>
     <g id="text_8">
      <text style="font: 16px 'DejaVu Sans', 'Bitstream Vera Sans', 'Computer Modern Sans Serif', 'Lucida Grande', 'Verdana', 'Geneva', 'Lucid', 'Arial', 'Helvetica', 'Avant Garde', sans-serif; text-anchor: middle" x="525.988086" y="754.534531" transform="rotate(-0 525.988086 754.534531)">157.5</text>
     </g>
    </g>
    <g id="xtick_9">
     <g id="line2d_9">
      <path d="M 388.7425 418.779375 
L 388.7425 751.419375 
" clip-path="url(#pdbe5f8b60c)" style="fill: none; stroke: #b0b0b0; stroke-width: 1.5; stroke-linecap: square"/>
     </g>
     <g id="text_9">
      <text style="font: 16px 'DejaVu Sans', 'Bitstream Vera Sans', 'Computer Modern Sans Serif', 'Lucida Grande', 'Verdana', 'Geneva', 'Lucid', 'Arial', 'Helvetica', 'Avant Garde', sans-serif; text-anchor: middle" x="388.7425" y="781.834375" transform="rotate(-0 388.7425 781.834375)">180.0</text>
     </g>
    </g>
    <g id="xtick_10">
     <g id="line2d_10">
      <path d="M 388.7425 418.779375 
L 261.446683 726.098663 
" clip-path="url(#pdbe5f8b60c)" style="fill: none; stroke: #b0b0b0; stroke-width: 1.5; stroke-linecap: square"/>
     </g>
     <g id="text_10">
      <text style="font: 16px 'DejaVu Sans', 'Bitstream Vera Sans', 'Computer Modern Sans Serif', 'Lucida Grande', 'Verdana', 'Geneva', 'Lucid', 'Arial', 'Helvetica', 'Avant Garde', sans-serif; text-anchor: middle" x="251.496914" y="754.534531" transform="rotate(-0 251.496914 754.534531)">202.5</text>
     </g>
    </g>
    <g id="xtick_11">
     <g id="line2d_11">
      <path d="M 388.7425 418.779375 
L 153.5305 653.991375 
" clip-path="url(#pdbe5f8b60c)" style="fill: none; stroke: #b0b0b0; stroke-width: 1.5; stroke-linecap: square"/>
     </g>
     <g id="text_11">
      <text style="font: 16px 'DejaVu Sans', 'Bitstream Vera Sans', 'Computer Modern Sans Serif', 'Lucida Grande', 'Verdana', 'Geneva', 'Lucid', 'Arial', 'Helvetica', 'Avant Garde', sans-serif; text-anchor: middle" x="135.145724" y="676.791151" transform="rotate(-0 135.145724 676.791151)">225.0</text>
     </g>
    </g>
    <g id="xtick_12">
     <g id="line2d_12">
      <path d="M 388.7425 418.779375 
L 81.423212 546.075192 
" clip-path="url(#pdbe5f8b60c)" style="fill: none; stroke: #b0b0b0; stroke-width: 1.5; stroke-linecap: square"/>
     </g>
     <g id="text_12">
      <text style="font: 16px 'DejaVu Sans', 'Bitstream Vera Sans', 'Computer Modern Sans Serif', 'Lucida Grande', 'Verdana', 'Geneva', 'Lucid', 'Arial', 'Helvetica', 'Avant Garde', sans-serif; text-anchor: middle" x="57.402344" y="560.439961" transform="rotate(-0 57.402344 560.439961)">247.5</text>
     </g>
    </g>
    <g id="xtick_13">
     <g id="line2d_13">
      <path d="M 388.7425 418.779375 
L 56.1025 418.779375 
" clip-path="url(#pdbe5f8b60c)" style="fill: none; stroke: #b0b0b0; stroke-width: 1.5; stroke-linecap: square"/>
     </g>
     <g id="text_13">
      <text style="font: 16px 'DejaVu Sans', 'Bitstream Vera Sans', 'Computer Modern Sans Serif', 'Lucida Grande', 'Verdana', 'Geneva', 'Lucid', 'Arial', 'Helvetica', 'Avant Garde', sans-serif; text-anchor: middle" x="30.1025" y="423.194375" transform="rotate(-0 30.1025 423.194375)">270.0</text>
     </g>
    </g>
    <g id="xtick_14">
     <g id="line2d_14">
      <path d="M 388.7425 418.779375 
L 81.423212 291.483558 
" clip-path="url(#pdbe5f8b60c)" style="fill: none; stroke: #b0b0b0; stroke-width: 1.5; stroke-linecap: square"/>
     </g>
     <g id="text_14">
      <text style="font: 16px 'DejaVu Sans', 'Bitstream Vera Sans', 'Computer Modern Sans Serif', 'Lucida Grande', 'Verdana', 'Geneva', 'Lucid', 'Arial', 'Helvetica', 'Avant Garde', sans-serif; text-anchor: middle" x="57.402344" y="285.948789" transform="rotate(-0 57.402344 285.948789)">292.5</text>
     </g>
    </g>
    <g id="xtick_15">
     <g id="line2d_15">
      <path d="M 388.7425 418.779375 
L 153.5305 183.567375 
" clip-path="url(#pdbe5f8b60c)" style="fill: none; stroke: #b0b0b0; stroke-width: 1.5; stroke-linecap: square"/>
     </g>
     <g id="text_15">
      <text style="font: 16px 'DejaVu Sans', 'Bitstream Vera Sans', 'Computer Modern Sans Serif', 'Lucida Grande', 'Verdana', 'Geneva', 'Lucid', 'Arial', 'Helvetica', 'Avant Garde', sans-serif; text-anchor: middle" x="135.145724" y="169.597599" transform="rotate(-0 135.145724 169.597599)">315.0</text>
     </g>
    </g>
    <g id="xtick_16">
     <g id="line2d_16">
      <path d="M 388.7425 418.779375 
L 261.446683 111.460087 
" clip-path="url(#pdbe5f8b60c)" style="fill: none; stroke: #b0b0b0; stroke-width: 1.5; stroke-linecap: square"/>
     </g>
     <g id="text_16">
      <text style="font: 16px 'DejaVu Sans', 'Bitstream Vera Sans', 'Computer Modern Sans Serif', 'Lucida Grande', 'Verdana', 'Geneva', 'Lucid', 'Arial', 'Helvetica', 'Avant Garde', sans-serif; text-anchor: middle" x="251.496914" y="91.854219" transform="rotate(-0 251.496914 91.854219)">337.5</text>
     </g>
    </g>
    <g id="xtick_17">
     <g id="line2d_17">
      <path d="M 388.7425 418.779375 
L 388.7425 86.139375 
" clip-path="url(#pdbe5f8b60c)" style="fill: none; stroke: #b0b0b0; stroke-width: 1.5; stroke-linecap: square"/>
     </g>
    </g>
   </g>
   <g id="matplotlib.axis_2">
    <g id="ytick_1">
     <g id="line2d_18">
      <path d="M 388.7425 338.748019 
C 399.252121 338.748019 409.65955 340.818186 419.369174 344.840044 
C 429.078798 348.861902 437.90179 354.757236 445.333214 362.188661 
C 452.764639 369.620085 458.659973 378.443077 462.681831 388.152701 
C 466.703689 397.862325 468.773856 408.269754 468.773856 418.779375 
C 468.773856 429.288996 466.703689 439.696425 462.681831 449.406049 
C 458.659973 459.115673 452.764639 467.938665 445.333214 475.370089 
C 437.90179 482.801514 429.078798 488.696848 419.369174 492.718706 
C 409.65955 496.740564 399.252121 498.810731 388.7425 498.810731 
C 378.232879 498.810731 367.82545 496.740564 358.115826 492.718706 
C 348.406202 488.696848 339.58321 482.801514 332.151786 475.370089 
C 324.720361 467.938665 318.825027 459.115673 314.803169 449.406049 
C 310.781311 439.696425 308.711144 429.288996 308.711144 418.779375 
C 308.711144 408.269754 310.781311 397.862325 314.803169 388.152701 
C 318.825027 378.443077 324.720361 369.620085 332.151786 362.188661 
C 339.58321 354.757236 348.406202 348.861902 358.115826 344.840044 
C 367.82545 340.818186 378.232879 338.748019 388.7425 338.748019 
" clip-path="url(#pdbe5f8b60c)" style="fill: none; stroke: #b0b0b0; stroke-width: 1.5; stroke-linecap: square"/>
     </g>
     <g id="text_17">
      <text style="font: 16px 'DejaVu Sans', 'Bitstream Vera Sans', 'Computer Modern Sans Serif', 'Lucida Grande', 'Verdana', 'Geneva', 'Lucid', 'Arial', 'Helvetica', 'Avant Garde', sans-serif; text-anchor: start" x="419.369174" y="341.512544" transform="rotate(-0 419.369174 341.512544)">0.05</text>
     </g>
    </g>
    <g id="ytick_2">
     <g id="line2d_19">
      <path d="M 388.7425 254.514785 
C 410.313528 254.514785 431.674806 258.763807 451.603837 267.018682 
C 471.532869 275.273557 489.642085 287.373749 504.895106 302.626769 
C 520.148126 317.87979 532.248318 335.989006 540.503193 355.918038 
C 548.758068 375.847069 553.00709 397.208347 553.00709 418.779375 
C 553.00709 440.350403 548.758068 461.711681 540.503193 481.640712 
C 532.248318 501.569744 520.148126 519.67896 504.895106 534.931981 
C 489.642085 550.185001 471.532869 562.285193 451.603837 570.540068 
C 431.674806 578.794943 410.313528 583.043965 388.7425 583.043965 
C 367.171472 583.043965 345.810194 578.794943 325.881163 570.540068 
C 305.952131 562.285193 287.842915 550.185001 272.589894 534.931981 
C 257.336874 519.67896 245.236682 501.569744 236.981807 481.640712 
C 228.726932 461.711681 224.47791 440.350403 224.47791 418.779375 
C 224.47791 397.208347 228.726932 375.847069 236.981807 355.918038 
C 245.236682 335.989006 257.336874 317.87979 272.589894 302.626769 
C 287.842915 287.373749 305.952131 275.273557 325.881163 267.018682 
C 345.810194 258.763807 367.171472 254.514785 388.7425 254.514785 
" clip-path="url(#pdbe5f8b60c)" style="fill: none; stroke: #b0b0b0; stroke-width: 1.5; stroke-linecap: square"/>
     </g>
     <g id="text_18">
      <text style="font: 16px 'DejaVu Sans', 'Bitstream Vera Sans', 'Computer Modern Sans Serif', 'Lucida Grande', 'Verdana', 'Geneva', 'Lucid', 'Arial', 'Helvetica', 'Avant Garde', sans-serif; text-anchor: start" x="451.603837" y="263.691182" transform="rotate(-0 451.603837 263.691182)">0.16</text>
     </g>
    </g>
    <g id="ytick_3">
     <g id="line2d_20">
      <path d="M 388.7425 170.28155 
C 421.374935 170.28155 453.690061 176.709429 483.8385 189.197321 
C 513.98694 201.685213 541.382381 219.990262 564.456997 243.064878 
C 587.531613 266.139494 605.836662 293.534935 618.324554 323.683375 
C 630.812446 353.831814 637.240325 386.14694 637.240325 418.779375 
C 637.240325 451.41181 630.812446 483.726936 618.324554 513.875375 
C 605.836662 544.023815 587.531613 571.419256 564.456997 594.493872 
C 541.382381 617.568488 513.98694 635.873537 483.8385 648.361429 
C 453.690061 660.849321 421.374935 667.2772 388.7425 667.2772 
C 356.110065 667.2772 323.794939 660.849321 293.6465 648.361429 
C 263.49806 635.873537 236.102619 617.568488 213.028003 594.493872 
C 189.953387 571.419256 171.648338 544.023815 159.160446 513.875375 
C 146.672554 483.726936 140.244675 451.41181 140.244675 418.779375 
C 140.244675 386.14694 146.672554 353.831814 159.160446 323.683375 
C 171.648338 293.534935 189.953387 266.139494 213.028003 243.064878 
C 236.102619 219.990262 263.49806 201.685213 293.6465 189.197321 
C 323.794939 176.709429 356.110065 170.28155 388.7425 170.28155 
" clip-path="url(#pdbe5f8b60c)" style="fill: none; stroke: #b0b0b0; stroke-width: 1.5; stroke-linecap: square"/>
     </g>
     <g id="text_19">
      <text style="font: 16px 'DejaVu Sans', 'Bitstream Vera Sans', 'Computer Modern Sans Serif', 'Lucida Grande', 'Verdana', 'Geneva', 'Lucid', 'Arial', 'Helvetica', 'Avant Garde', sans-serif; text-anchor: start" x="483.8385" y="185.869821" transform="rotate(-0 483.8385 185.869821)">0.26</text>
     </g>
    </g>
   </g>
   <g id="line2d_21">
    <path d="M 388.7425 169.657107 
L 431.915217 314.551217 
L 418.210399 389.311476 
L 407.126242 411.16458 
L 426.695378 418.779375 
L 423.588161 433.21292 
L 453.751398 483.788273 
L 486.07064 653.75029 
L 388.7425 667.901643 
L 345.569783 523.007533 
L 359.274601 448.247274 
L 370.358758 426.39417 
L 350.789622 418.779375 
L 353.896839 404.34583 
L 323.733602 353.770477 
L 291.41436 183.80846 
L 388.7425 169.657107 
" clip-path="url(#pdbe5f8b60c)" style="fill: none; stroke: #f6cd51; stroke-opacity: 0.7; stroke-width: 10; stroke-linecap: square"/>
   </g>
   <g id="line2d_22">
    <path d="M 388.7425 274.030448 
L 431.370297 315.866769 
L 424.736909 382.784966 
L 392.045901 417.411062 
L 388.7425 418.779375 
L 487.614022 459.7333 
L 622.437171 652.474046 
L 516.038317 726.098663 
L 388.7425 563.528302 
L 346.114703 521.691981 
L 352.748091 454.773784 
L 385.439099 420.147688 
L 388.7425 418.779375 
L 289.870978 377.82545 
L 155.047829 185.084704 
L 261.446683 111.460087 
L 388.7425 274.030448 
" clip-path="url(#pdbe5f8b60c)" style="fill: none; stroke: #c48a5a; stroke-opacity: 0.7; stroke-width: 10; stroke-linecap: square"/>
   </g>
   <g id="patch_3">
    <path d="M 388.7425 86.139375 
C 345.060615 86.139375 301.803482 94.743754 261.446683 111.460087 
C 221.089884 128.176421 184.418257 152.679619 153.5305 183.567375 
C 122.642744 214.455132 98.139546 251.126759 81.423212 291.483558 
C 64.706879 331.840357 56.1025 375.09749 56.1025 418.779375 
C 56.1025 462.46126 64.706879 505.718393 81.423212 546.075192 
C 98.139546 586.431991 122.642744 623.103618 153.5305 653.991375 
C 184.418257 684.879131 221.089884 709.382329 261.446683 726.098663 
C 301.803482 742.814996 345.060615 751.419375 388.7425 751.419375 
C 432.424385 751.419375 475.681518 742.814996 516.038317 726.098663 
C 556.395116 709.382329 593.066743 684.879131 623.9545 653.991375 
C 654.842256 623.103618 679.345454 586.431991 696.061788 546.075192 
C 712.778121 505.718393 721.3825 462.46126 721.3825 418.779375 
C 721.3825 375.09749 712.778121 331.840357 696.061788 291.483558 
C 679.345454 251.126759 654.842256 214.455132 623.9545 183.567375 
C 593.066743 152.679619 556.395116 128.176421 516.038317 111.460087 
C 475.681518 94.743754 432.424385 86.139375 388.7425 86.139375 
" style="fill: none; stroke: #000000; stroke-width: 1.875; stroke-linejoin: miter; stroke-linecap: square"/>
   </g>
   <g id="text_20">
    <text style="font: 20px 'DejaVu Sans', 'Bitstream Vera Sans', 'Computer Modern Sans Serif', 'Lucida Grande', 'Verdana', 'Geneva', 'Lucid', 'Arial', 'Helvetica', 'Avant Garde', sans-serif; text-anchor: middle" x="388.7425" y="22.396875" transform="rotate(-0 388.7425 22.396875)">cell 220228_002_7 in LM</text>
   </g>
   <g id="legend_1">
    <g id="line2d_23">
     <path d="M 667.7245 36.901312 
L 680.9245 36.901312 
L 694.1245 36.901312 
" style="fill: none; stroke: #f6cd51; stroke-opacity: 0.7; stroke-width: 10; stroke-linecap: square"/>
    </g>
    <g id="text_21">
     <text style="font: 13.2px 'DejaVu Sans', 'Bitstream Vera Sans', 'Computer Modern Sans Serif', 'Lucida Grande', 'Verdana', 'Geneva', 'Lucid', 'Arial', 'Helvetica', 'Avant Garde', sans-serif; text-anchor: start" x="704.6845" y="41.521312" transform="rotate(-0 704.6845 41.521312)">unadapted</text>
    </g>
    <g id="line2d_24">
     <path d="M 667.7245 56.276437 
L 680.9245 56.276437 
L 694.1245 56.276437 
" style="fill: none; stroke: #c48a5a; stroke-opacity: 0.7; stroke-width: 10; stroke-linecap: square"/>
    </g>
    <g id="text_22">
     <text style="font: 13.2px 'DejaVu Sans', 'Bitstream Vera Sans', 'Computer Modern Sans Serif', 'Lucida Grande', 'Verdana', 'Geneva', 'Lucid', 'Arial', 'Helvetica', 'Avant Garde', sans-serif; text-anchor: start" x="704.6845" y="60.896437" transform="rotate(-0 704.6845 60.896437)">adapted</text>
    </g>
   </g>
  </g>
 </g>
 <defs>
  <clipPath id="pdbe5f8b60c">
   <path d="M 721.3825 418.779375 
C 721.3825 375.09749 712.778121 331.840357 696.061788 291.483558 
C 679.345454 251.126759 654.842256 214.455132 623.9545 183.567375 
C 593.066743 152.679619 556.395116 128.176421 516.038317 111.460087 
C 475.681518 94.743754 432.424385 86.139375 388.7425 86.139375 
C 345.060615 86.139375 301.803482 94.743754 261.446683 111.460087 
C 221.089884 128.176421 184.418257 152.679619 153.5305 183.567375 
C 122.642744 214.455132 98.139546 251.126759 81.423212 291.483558 
C 64.706879 331.840357 56.1025 375.09749 56.1025 418.779375 
C 56.1025 462.46126 64.706879 505.718393 81.423212 546.075192 
C 98.139546 586.431991 122.642744 623.103618 153.5305 653.991375 
C 184.418257 684.879131 221.089884 709.382329 261.446683 726.098663 
C 301.803482 742.814996 345.060615 751.419375 388.7425 751.419375 
C 432.424385 751.419375 475.681518 742.814996 516.038317 726.098663 
C 556.395116 709.382329 593.066743 684.879131 623.9545 653.991375 
C 654.842256 623.103618 679.345454 586.431991 696.061788 546.075192 
C 712.778121 505.718393 721.3825 462.46126 721.3825 418.779375 
M 388.7425 418.779375 
C 388.7425 418.779375 388.7425 418.779375 388.7425 418.779375 
C 388.7425 418.779375 388.7425 418.779375 388.7425 418.779375 
C 388.7425 418.779375 388.7425 418.779375 388.7425 418.779375 
C 388.7425 418.779375 388.7425 418.779375 388.7425 418.779375 
C 388.7425 418.779375 388.7425 418.779375 388.7425 418.779375 
C 388.7425 418.779375 388.7425 418.779375 388.7425 418.779375 
C 388.7425 418.779375 388.7425 418.779375 388.7425 418.779375 
C 388.7425 418.779375 388.7425 418.779375 388.7425 418.779375 
C 388.7425 418.779375 388.7425 418.779375 388.7425 418.779375 
C 388.7425 418.779375 388.7425 418.779375 388.7425 418.779375 
C 388.7425 418.779375 388.7425 418.779375 388.7425 418.779375 
C 388.7425 418.779375 388.7425 418.779375 388.7425 418.779375 
C 388.7425 418.779375 388.7425 418.779375 388.7425 418.779375 
C 388.7425 418.779375 388.7425 418.779375 388.7425 418.779375 
C 388.7425 418.779375 388.7425 418.779375 388.7425 418.779375 
C 388.7425 418.779375 388.7425 418.779375 388.7425 418.779375 
z
"/>
  </clipPath>
 </defs>
</svg>
