<?xml version="1.0" encoding="utf-8" standalone="no"?>
<!DOCTYPE svg PUBLIC "-//W3C//DTD SVG 1.1//EN"
  "http://www.w3.org/Graphics/SVG/1.1/DTD/svg11.dtd">
<svg xmlns:xlink="http://www.w3.org/1999/xlink" width="105.882669pt" height="100.900169pt" viewBox="0 0 105.882669 100.900169" xmlns="http://www.w3.org/2000/svg" version="1.1">
 <metadata>
  <rdf:RDF xmlns:dc="http://purl.org/dc/elements/1.1/" xmlns:cc="http://creativecommons.org/ns#" xmlns:rdf="http://www.w3.org/1999/02/22-rdf-syntax-ns#">
   <cc:Work>
    <dc:type rdf:resource="http://purl.org/dc/dcmitype/StillImage"/>
    <dc:date>2024-01-23T16:31:51.567368</dc:date>
    <dc:format>image/svg+xml</dc:format>
    <dc:creator>
     <cc:Agent>
      <dc:title>Matplotlib v3.7.2, https://matplotlib.org/</dc:title>
     </cc:Agent>
    </dc:creator>
   </cc:Work>
  </rdf:RDF>
 </metadata>
 <defs>
  <style type="text/css">*{stroke-linejoin: round; stroke-linecap: butt}</style>
 </defs>
 <g id="figure_1">
  <g id="patch_1">
   <path d="M 0 100.900169 
L 105.882669 100.900169 
L 105.882669 0 
L 0 0 
z
" style="fill: #ffffff"/>
  </g>
  <g id="axes_1">
   <g id="patch_2">
    <path d="M 83.592669 50.450085 
C 83.592669 46.592091 82.832729 42.771612 81.356339 39.207291 
C 79.879949 35.64297 77.715821 32.404125 74.987808 29.676111 
C 72.259795 26.948098 69.020949 24.783971 65.456628 23.307581 
C 61.892307 21.831191 58.071828 21.07125 54.213835 21.07125 
C 50.355841 21.07125 46.535362 21.831191 42.971041 23.307581 
C 39.40672 24.783971 36.167875 26.948098 33.439861 29.676111 
C 30.711848 32.404125 28.547721 35.64297 27.071331 39.207291 
C 25.594941 42.771612 24.835 46.592091 24.835 50.450085 
C 24.835 54.308078 25.594941 58.128557 27.071331 61.692878 
C 28.547721 65.257199 30.711848 68.496045 33.439861 71.224058 
C 36.167875 73.952071 39.40672 76.116199 42.971041 77.592589 
C 46.535362 79.068979 50.355841 79.828919 54.213835 79.828919 
C 58.071828 79.828919 61.892307 79.068979 65.456628 77.592589 
C 69.020949 76.116199 72.259795 73.952071 74.987808 71.224058 
C 77.715821 68.496045 79.879949 65.257199 81.356339 61.692878 
C 82.832729 58.128557 83.592669 54.308078 83.592669 50.450085 
M 54.213835 50.450085 
C 54.213835 50.450085 54.213835 50.450085 54.213835 50.450085 
C 54.213835 50.450085 54.213835 50.450085 54.213835 50.450085 
C 54.213835 50.450085 54.213835 50.450085 54.213835 50.450085 
C 54.213835 50.450085 54.213835 50.450085 54.213835 50.450085 
C 54.213835 50.450085 54.213835 50.450085 54.213835 50.450085 
C 54.213835 50.450085 54.213835 50.450085 54.213835 50.450085 
C 54.213835 50.450085 54.213835 50.450085 54.213835 50.450085 
C 54.213835 50.450085 54.213835 50.450085 54.213835 50.450085 
C 54.213835 50.450085 54.213835 50.450085 54.213835 50.450085 
C 54.213835 50.450085 54.213835 50.450085 54.213835 50.450085 
C 54.213835 50.450085 54.213835 50.450085 54.213835 50.450085 
C 54.213835 50.450085 54.213835 50.450085 54.213835 50.450085 
C 54.213835 50.450085 54.213835 50.450085 54.213835 50.450085 
C 54.213835 50.450085 54.213835 50.450085 54.213835 50.450085 
C 54.213835 50.450085 54.213835 50.450085 54.213835 50.450085 
C 54.213835 50.450085 54.213835 50.450085 54.213835 50.450085 
z
" style="fill: #ffffff"/>
   </g>
   <g id="line2d_1">
    <path d="M 54.213835 22.640171 
L 58.429094 40.273549 
L 60.585064 44.078856 
L 54.213835 50.450085 
L 58.341951 50.450085 
L 62.42107 53.849633 
L 67.011318 63.247568 
L 61.828151 68.832672 
L 54.213835 78.259998 
L 49.998575 60.626621 
L 47.842606 56.821314 
L 54.213835 50.450085 
L 50.085718 50.450085 
L 46.006599 47.050536 
L 41.416352 37.652602 
L 46.599518 32.067498 
L 54.213835 22.640171 
" clip-path="url(#p91cdb1b67a)" style="fill: none; stroke: #f6cd51; stroke-opacity: 0.9; stroke-linecap: square"/>
   </g>
   <g id="line2d_2">
    <path d="M 54.213835 45.12821 
L 57.136805 43.39341 
L 59.908375 44.755545 
L 56.564614 49.47636 
L 56.44861 50.450085 
L 64.238042 54.602247 
L 66.645703 62.881953 
L 61.227728 67.383121 
L 54.213835 55.771959 
L 51.290864 57.506759 
L 48.519295 56.144625 
L 51.863055 51.423809 
L 51.979059 50.450085 
L 44.189627 46.297922 
L 41.781967 38.018217 
L 47.199941 33.517048 
L 54.213835 45.12821 
" clip-path="url(#p91cdb1b67a)" style="fill: none; stroke: #c48a5a; stroke-opacity: 0.7; stroke-linecap: square"/>
   </g>
   <g id="matplotlib.axis_1">
    <g id="xtick_1">
     <g id="line2d_3">
      <path d="M 54.213835 50.450085 
L 54.213835 21.07125 
" clip-path="url(#p91cdb1b67a)" style="fill: none; stroke: #b0b0b0; stroke-opacity: 0.5; stroke-width: 0.5; stroke-linecap: square"/>
     </g>
     <g id="text_1">
      <text style="font: 8px 'DejaVu Sans', 'Bitstream Vera Sans', 'Computer Modern Sans Serif', 'Lucida Grande', 'Verdana', 'Geneva', 'Lucid', 'Arial', 'Helvetica', 'Avant Garde', sans-serif; text-anchor: middle" x="54.213835" y="13.27875" transform="rotate(-0 54.213835 13.27875)">0</text>
     </g>
    </g>
    <g id="xtick_2">
     <g id="line2d_4">
      <path d="M 54.213835 50.450085 
L 65.456628 23.307581 
" clip-path="url(#p91cdb1b67a)" style="fill: none; stroke: #b0b0b0; stroke-opacity: 0.5; stroke-width: 0.5; stroke-linecap: square"/>
     </g>
    </g>
    <g id="xtick_3">
     <g id="line2d_5">
      <path d="M 54.213835 50.450085 
L 74.987808 29.676111 
" clip-path="url(#p91cdb1b67a)" style="fill: none; stroke: #b0b0b0; stroke-opacity: 0.5; stroke-width: 0.5; stroke-linecap: square"/>
     </g>
    </g>
    <g id="xtick_4">
     <g id="line2d_6">
      <path d="M 54.213835 50.450085 
L 81.356339 39.207291 
" clip-path="url(#p91cdb1b67a)" style="fill: none; stroke: #b0b0b0; stroke-opacity: 0.5; stroke-width: 0.5; stroke-linecap: square"/>
     </g>
    </g>
    <g id="xtick_5">
     <g id="line2d_7">
      <path d="M 54.213835 50.450085 
L 83.592669 50.450085 
" clip-path="url(#p91cdb1b67a)" style="fill: none; stroke: #b0b0b0; stroke-opacity: 0.5; stroke-width: 0.5; stroke-linecap: square"/>
     </g>
     <g id="text_2">
      <text style="font: 8px 'DejaVu Sans', 'Bitstream Vera Sans', 'Computer Modern Sans Serif', 'Lucida Grande', 'Verdana', 'Geneva', 'Lucid', 'Arial', 'Helvetica', 'Avant Garde', sans-serif; text-anchor: middle" x="93.592669" y="52.657585" transform="rotate(-0 93.592669 52.657585)">90</text>
     </g>
    </g>
    <g id="xtick_6">
     <g id="line2d_8">
      <path d="M 54.213835 50.450085 
L 81.356339 61.692878 
" clip-path="url(#p91cdb1b67a)" style="fill: none; stroke: #b0b0b0; stroke-opacity: 0.5; stroke-width: 0.5; stroke-linecap: square"/>
     </g>
    </g>
    <g id="xtick_7">
     <g id="line2d_9">
      <path d="M 54.213835 50.450085 
L 74.987808 71.224058 
" clip-path="url(#p91cdb1b67a)" style="fill: none; stroke: #b0b0b0; stroke-opacity: 0.5; stroke-width: 0.5; stroke-linecap: square"/>
     </g>
    </g>
    <g id="xtick_8">
     <g id="line2d_10">
      <path d="M 54.213835 50.450085 
L 65.456628 77.592589 
" clip-path="url(#p91cdb1b67a)" style="fill: none; stroke: #b0b0b0; stroke-opacity: 0.5; stroke-width: 0.5; stroke-linecap: square"/>
     </g>
    </g>
    <g id="xtick_9">
     <g id="line2d_11">
      <path d="M 54.213835 50.450085 
L 54.213835 79.828919 
" clip-path="url(#p91cdb1b67a)" style="fill: none; stroke: #b0b0b0; stroke-opacity: 0.5; stroke-width: 0.5; stroke-linecap: square"/>
     </g>
     <g id="text_3">
      <text style="font: 8px 'DejaVu Sans', 'Bitstream Vera Sans', 'Computer Modern Sans Serif', 'Lucida Grande', 'Verdana', 'Geneva', 'Lucid', 'Arial', 'Helvetica', 'Avant Garde', sans-serif; text-anchor: middle" x="54.213835" y="92.036419" transform="rotate(-0 54.213835 92.036419)">180</text>
     </g>
    </g>
    <g id="xtick_10">
     <g id="line2d_12">
      <path d="M 54.213835 50.450085 
L 42.971041 77.592589 
" clip-path="url(#p91cdb1b67a)" style="fill: none; stroke: #b0b0b0; stroke-opacity: 0.5; stroke-width: 0.5; stroke-linecap: square"/>
     </g>
    </g>
    <g id="xtick_11">
     <g id="line2d_13">
      <path d="M 54.213835 50.450085 
L 33.439861 71.224058 
" clip-path="url(#p91cdb1b67a)" style="fill: none; stroke: #b0b0b0; stroke-opacity: 0.5; stroke-width: 0.5; stroke-linecap: square"/>
     </g>
    </g>
    <g id="xtick_12">
     <g id="line2d_14">
      <path d="M 54.213835 50.450085 
L 27.071331 61.692878 
" clip-path="url(#p91cdb1b67a)" style="fill: none; stroke: #b0b0b0; stroke-opacity: 0.5; stroke-width: 0.5; stroke-linecap: square"/>
     </g>
    </g>
    <g id="xtick_13">
     <g id="line2d_15">
      <path d="M 54.213835 50.450085 
L 24.835 50.450085 
" clip-path="url(#p91cdb1b67a)" style="fill: none; stroke: #b0b0b0; stroke-opacity: 0.5; stroke-width: 0.5; stroke-linecap: square"/>
     </g>
     <g id="text_4">
      <text style="font: 8px 'DejaVu Sans', 'Bitstream Vera Sans', 'Computer Modern Sans Serif', 'Lucida Grande', 'Verdana', 'Geneva', 'Lucid', 'Arial', 'Helvetica', 'Avant Garde', sans-serif; text-anchor: middle" x="14.835" y="52.657585" transform="rotate(-0 14.835 52.657585)">270</text>
     </g>
    </g>
    <g id="xtick_14">
     <g id="line2d_16">
      <path d="M 54.213835 50.450085 
L 27.071331 39.207291 
" clip-path="url(#p91cdb1b67a)" style="fill: none; stroke: #b0b0b0; stroke-opacity: 0.5; stroke-width: 0.5; stroke-linecap: square"/>
     </g>
    </g>
    <g id="xtick_15">
     <g id="line2d_17">
      <path d="M 54.213835 50.450085 
L 33.439861 29.676111 
" clip-path="url(#p91cdb1b67a)" style="fill: none; stroke: #b0b0b0; stroke-opacity: 0.5; stroke-width: 0.5; stroke-linecap: square"/>
     </g>
    </g>
    <g id="xtick_16">
     <g id="line2d_18">
      <path d="M 54.213835 50.450085 
L 42.971041 23.307581 
" clip-path="url(#p91cdb1b67a)" style="fill: none; stroke: #b0b0b0; stroke-opacity: 0.5; stroke-width: 0.5; stroke-linecap: square"/>
     </g>
    </g>
    <g id="xtick_17">
     <g id="line2d_19">
      <path d="M 54.213835 50.450085 
L 54.213835 21.07125 
" clip-path="url(#p91cdb1b67a)" style="fill: none; stroke: #b0b0b0; stroke-opacity: 0.5; stroke-width: 0.5; stroke-linecap: square"/>
     </g>
    </g>
   </g>
   <g id="matplotlib.axis_2">
    <g id="ytick_1">
     <g id="line2d_20">
      <path d="M 54.213835 35.435677 
C 56.185509 35.435677 58.13801 35.824054 59.9596 36.578581 
C 61.781189 37.333108 63.43644 38.439111 64.830624 39.833295 
C 66.224808 41.227479 67.330811 42.882731 68.085338 44.70432 
C 68.839865 46.525909 69.228242 48.478411 69.228242 50.450085 
C 69.228242 52.421759 68.839865 54.37426 68.085338 56.19585 
C 67.330811 58.017439 66.224808 59.67269 64.830624 61.066874 
C 63.43644 62.461058 61.781189 63.567061 59.9596 64.321588 
C 58.13801 65.076115 56.185509 65.464492 54.213835 65.464492 
C 52.242161 65.464492 50.289659 65.076115 48.46807 64.321588 
C 46.646481 63.567061 44.991229 62.461058 43.597045 61.066874 
C 42.202861 59.67269 41.096858 58.017439 40.342331 56.19585 
C 39.587804 54.37426 39.199427 52.421759 39.199427 50.450085 
C 39.199427 48.478411 39.587804 46.525909 40.342331 44.70432 
C 41.096858 42.882731 42.202861 41.227479 43.597045 39.833295 
C 44.991229 38.439111 46.646481 37.333108 48.46807 36.578581 
C 50.289659 35.824054 52.242161 35.435677 54.213835 35.435677 
" clip-path="url(#p91cdb1b67a)" style="fill: none; stroke: #b0b0b0; stroke-opacity: 0.5; stroke-width: 0.5; stroke-linecap: square"/>
     </g>
     <g id="text_5">
      <text style="font: 6px 'DejaVu Sans', 'Bitstream Vera Sans', 'Computer Modern Sans Serif', 'Lucida Grande', 'Verdana', 'Geneva', 'Lucid', 'Arial', 'Helvetica', 'Avant Garde', sans-serif; text-anchor: start" x="64.830624" y="38.585483" transform="rotate(-0 64.830624 38.585483)">0.16</text>
     </g>
    </g>
   </g>
   <g id="patch_3">
    <path d="M 54.213835 21.07125 
C 50.355841 21.07125 46.535362 21.831191 42.971041 23.307581 
C 39.40672 24.783971 36.167875 26.948098 33.439861 29.676111 
C 30.711848 32.404125 28.547721 35.64297 27.071331 39.207291 
C 25.594941 42.771612 24.835 46.592091 24.835 50.450085 
C 24.835 54.308078 25.594941 58.128557 27.071331 61.692878 
C 28.547721 65.257199 30.711848 68.496045 33.439861 71.224058 
C 36.167875 73.952071 39.40672 76.116199 42.971041 77.592589 
C 46.535362 79.068979 50.355841 79.828919 54.213835 79.828919 
C 58.071828 79.828919 61.892307 79.068979 65.456628 77.592589 
C 69.020949 76.116199 72.259795 73.952071 74.987808 71.224058 
C 77.715821 68.496045 79.879949 65.257199 81.356339 61.692878 
C 82.832729 58.128557 83.592669 54.308078 83.592669 50.450085 
C 83.592669 46.592091 82.832729 42.771612 81.356339 39.207291 
C 79.879949 35.64297 77.715821 32.404125 74.987808 29.676111 
C 72.259795 26.948098 69.020949 24.783971 65.456628 23.307581 
C 61.892307 21.831191 58.071828 21.07125 54.213835 21.07125 
" style="fill: none; stroke: #000000; stroke-width: 0.5; stroke-linejoin: miter; stroke-linecap: square"/>
   </g>
  </g>
 </g>
 <defs>
  <clipPath id="p91cdb1b67a">
   <path d="M 83.592669 50.450085 
C 83.592669 46.592091 82.832729 42.771612 81.356339 39.207291 
C 79.879949 35.64297 77.715821 32.404125 74.987808 29.676111 
C 72.259795 26.948098 69.020949 24.783971 65.456628 23.307581 
C 61.892307 21.831191 58.071828 21.07125 54.213835 21.07125 
C 50.355841 21.07125 46.535362 21.831191 42.971041 23.307581 
C 39.40672 24.783971 36.167875 26.948098 33.439861 29.676111 
C 30.711848 32.404125 28.547721 35.64297 27.071331 39.207291 
C 25.594941 42.771612 24.835 46.592091 24.835 50.450085 
C 24.835 54.308078 25.594941 58.128557 27.071331 61.692878 
C 28.547721 65.257199 30.711848 68.496045 33.439861 71.224058 
C 36.167875 73.952071 39.40672 76.116199 42.971041 77.592589 
C 46.535362 79.068979 50.355841 79.828919 54.213835 79.828919 
C 58.071828 79.828919 61.892307 79.068979 65.456628 77.592589 
C 69.020949 76.116199 72.259795 73.952071 74.987808 71.224058 
C 77.715821 68.496045 79.879949 65.257199 81.356339 61.692878 
C 82.832729 58.128557 83.592669 54.308078 83.592669 50.450085 
M 54.213835 50.450085 
C 54.213835 50.450085 54.213835 50.450085 54.213835 50.450085 
C 54.213835 50.450085 54.213835 50.450085 54.213835 50.450085 
C 54.213835 50.450085 54.213835 50.450085 54.213835 50.450085 
C 54.213835 50.450085 54.213835 50.450085 54.213835 50.450085 
C 54.213835 50.450085 54.213835 50.450085 54.213835 50.450085 
C 54.213835 50.450085 54.213835 50.450085 54.213835 50.450085 
C 54.213835 50.450085 54.213835 50.450085 54.213835 50.450085 
C 54.213835 50.450085 54.213835 50.450085 54.213835 50.450085 
C 54.213835 50.450085 54.213835 50.450085 54.213835 50.450085 
C 54.213835 50.450085 54.213835 50.450085 54.213835 50.450085 
C 54.213835 50.450085 54.213835 50.450085 54.213835 50.450085 
C 54.213835 50.450085 54.213835 50.450085 54.213835 50.450085 
C 54.213835 50.450085 54.213835 50.450085 54.213835 50.450085 
C 54.213835 50.450085 54.213835 50.450085 54.213835 50.450085 
C 54.213835 50.450085 54.213835 50.450085 54.213835 50.450085 
C 54.213835 50.450085 54.213835 50.450085 54.213835 50.450085 
z
"/>
  </clipPath>
 </defs>
</svg>
