<?xml version="1.0" encoding="utf-8" standalone="no"?>
<!DOCTYPE svg PUBLIC "-//W3C//DTD SVG 1.1//EN"
  "http://www.w3.org/Graphics/SVG/1.1/DTD/svg11.dtd">
<svg xmlns:xlink="http://www.w3.org/1999/xlink" width="788.5105pt" height="792.361875pt" viewBox="0 0 788.5105 792.361875" xmlns="http://www.w3.org/2000/svg" version="1.1">
 <metadata>
  <rdf:RDF xmlns:dc="http://purl.org/dc/elements/1.1/" xmlns:cc="http://creativecommons.org/ns#" xmlns:rdf="http://www.w3.org/1999/02/22-rdf-syntax-ns#">
   <cc:Work>
    <dc:type rdf:resource="http://purl.org/dc/dcmitype/StillImage"/>
    <dc:date>2023-11-16T17:44:15.253783</dc:date>
    <dc:format>image/svg+xml</dc:format>
    <dc:creator>
     <cc:Agent>
      <dc:title>Matplotlib v3.7.2, https://matplotlib.org/</dc:title>
     </cc:Agent>
    </dc:creator>
   </cc:Work>
  </rdf:RDF>
 </metadata>
 <defs>
  <style type="text/css">*{stroke-linejoin: round; stroke-linecap: butt}</style>
 </defs>
 <g id="figure_1">
  <g id="patch_1">
   <path d="M 0 792.361875 
L 788.5105 792.361875 
L 788.5105 0 
L 0 0 
z
" style="fill: #ffffff"/>
  </g>
  <g id="axes_1">
   <g id="patch_2">
    <path d="M 721.3825 418.779375 
C 721.3825 375.09749 712.778121 331.840357 696.061788 291.483558 
C 679.345454 251.126759 654.842256 214.455132 623.9545 183.567375 
C 593.066743 152.679619 556.395116 128.176421 516.038317 111.460087 
C 475.681518 94.743754 432.424385 86.139375 388.7425 86.139375 
C 345.060615 86.139375 301.803482 94.743754 261.446683 111.460087 
C 221.089884 128.176421 184.418257 152.679619 153.5305 183.567375 
C 122.642744 214.455132 98.139546 251.126759 81.423212 291.483558 
C 64.706879 331.840357 56.1025 375.09749 56.1025 418.779375 
C 56.1025 462.46126 64.706879 505.718393 81.423212 546.075192 
C 98.139546 586.431991 122.642744 623.103618 153.5305 653.991375 
C 184.418257 684.879131 221.089884 709.382329 261.446683 726.098663 
C 301.803482 742.814996 345.060615 751.419375 388.7425 751.419375 
C 432.424385 751.419375 475.681518 742.814996 516.038317 726.098663 
C 556.395116 709.382329 593.066743 684.879131 623.9545 653.991375 
C 654.842256 623.103618 679.345454 586.431991 696.061788 546.075192 
C 712.778121 505.718393 721.3825 462.46126 721.3825 418.779375 
M 388.7425 418.779375 
C 388.7425 418.779375 388.7425 418.779375 388.7425 418.779375 
C 388.7425 418.779375 388.7425 418.779375 388.7425 418.779375 
C 388.7425 418.779375 388.7425 418.779375 388.7425 418.779375 
C 388.7425 418.779375 388.7425 418.779375 388.7425 418.779375 
C 388.7425 418.779375 388.7425 418.779375 388.7425 418.779375 
C 388.7425 418.779375 388.7425 418.779375 388.7425 418.779375 
C 388.7425 418.779375 388.7425 418.779375 388.7425 418.779375 
C 388.7425 418.779375 388.7425 418.779375 388.7425 418.779375 
C 388.7425 418.779375 388.7425 418.779375 388.7425 418.779375 
C 388.7425 418.779375 388.7425 418.779375 388.7425 418.779375 
C 388.7425 418.779375 388.7425 418.779375 388.7425 418.779375 
C 388.7425 418.779375 388.7425 418.779375 388.7425 418.779375 
C 388.7425 418.779375 388.7425 418.779375 388.7425 418.779375 
C 388.7425 418.779375 388.7425 418.779375 388.7425 418.779375 
C 388.7425 418.779375 388.7425 418.779375 388.7425 418.779375 
C 388.7425 418.779375 388.7425 418.779375 388.7425 418.779375 
z
" style="fill: #ffffff"/>
   </g>
   <g id="matplotlib.axis_1">
    <g id="xtick_1">
     <g id="line2d_1">
      <path d="M 388.7425 418.779375 
L 388.7425 86.139375 
" clip-path="url(#p8dbefd11ed)" style="fill: none; stroke: #b0b0b0; stroke-width: 1.5; stroke-linecap: square"/>
     </g>
     <g id="text_1">
      <text style="font: 16px 'DejaVu Sans', 'Bitstream Vera Sans', 'Computer Modern Sans Serif', 'Lucida Grande', 'Verdana', 'Geneva', 'Lucid', 'Arial', 'Helvetica', 'Avant Garde', sans-serif; text-anchor: middle" x="388.7425" y="64.554375" transform="rotate(-0 388.7425 64.554375)">0.0</text>
     </g>
    </g>
    <g id="xtick_2">
     <g id="line2d_2">
      <path d="M 388.7425 418.779375 
L 516.038317 111.460087 
" clip-path="url(#p8dbefd11ed)" style="fill: none; stroke: #b0b0b0; stroke-width: 1.5; stroke-linecap: square"/>
     </g>
     <g id="text_2">
      <text style="font: 16px 'DejaVu Sans', 'Bitstream Vera Sans', 'Computer Modern Sans Serif', 'Lucida Grande', 'Verdana', 'Geneva', 'Lucid', 'Arial', 'Helvetica', 'Avant Garde', sans-serif; text-anchor: middle" x="525.988086" y="91.854219" transform="rotate(-0 525.988086 91.854219)">22.5</text>
     </g>
    </g>
    <g id="xtick_3">
     <g id="line2d_3">
      <path d="M 388.7425 418.779375 
L 623.9545 183.567375 
" clip-path="url(#p8dbefd11ed)" style="fill: none; stroke: #b0b0b0; stroke-width: 1.5; stroke-linecap: square"/>
     </g>
     <g id="text_3">
      <text style="font: 16px 'DejaVu Sans', 'Bitstream Vera Sans', 'Computer Modern Sans Serif', 'Lucida Grande', 'Verdana', 'Geneva', 'Lucid', 'Arial', 'Helvetica', 'Avant Garde', sans-serif; text-anchor: middle" x="642.339276" y="169.597599" transform="rotate(-0 642.339276 169.597599)">45.0</text>
     </g>
    </g>
    <g id="xtick_4">
     <g id="line2d_4">
      <path d="M 388.7425 418.779375 
L 696.061788 291.483558 
" clip-path="url(#p8dbefd11ed)" style="fill: none; stroke: #b0b0b0; stroke-width: 1.5; stroke-linecap: square"/>
     </g>
     <g id="text_4">
      <text style="font: 16px 'DejaVu Sans', 'Bitstream Vera Sans', 'Computer Modern Sans Serif', 'Lucida Grande', 'Verdana', 'Geneva', 'Lucid', 'Arial', 'Helvetica', 'Avant Garde', sans-serif; text-anchor: middle" x="720.082656" y="285.948789" transform="rotate(-0 720.082656 285.948789)">67.5</text>
     </g>
    </g>
    <g id="xtick_5">
     <g id="line2d_5">
      <path d="M 388.7425 418.779375 
L 721.3825 418.779375 
" clip-path="url(#p8dbefd11ed)" style="fill: none; stroke: #b0b0b0; stroke-width: 1.5; stroke-linecap: square"/>
     </g>
     <g id="text_5">
      <text style="font: 16px 'DejaVu Sans', 'Bitstream Vera Sans', 'Computer Modern Sans Serif', 'Lucida Grande', 'Verdana', 'Geneva', 'Lucid', 'Arial', 'Helvetica', 'Avant Garde', sans-serif; text-anchor: middle" x="747.3825" y="423.194375" transform="rotate(-0 747.3825 423.194375)">90.0</text>
     </g>
    </g>
    <g id="xtick_6">
     <g id="line2d_6">
      <path d="M 388.7425 418.779375 
L 696.061788 546.075192 
" clip-path="url(#p8dbefd11ed)" style="fill: none; stroke: #b0b0b0; stroke-width: 1.5; stroke-linecap: square"/>
     </g>
     <g id="text_6">
      <text style="font: 16px 'DejaVu Sans', 'Bitstream Vera Sans', 'Computer Modern Sans Serif', 'Lucida Grande', 'Verdana', 'Geneva', 'Lucid', 'Arial', 'Helvetica', 'Avant Garde', sans-serif; text-anchor: middle" x="720.082656" y="560.439961" transform="rotate(-0 720.082656 560.439961)">112.5</text>
     </g>
    </g>
    <g id="xtick_7">
     <g id="line2d_7">
      <path d="M 388.7425 418.779375 
L 623.9545 653.991375 
" clip-path="url(#p8dbefd11ed)" style="fill: none; stroke: #b0b0b0; stroke-width: 1.5; stroke-linecap: square"/>
     </g>
     <g id="text_7">
      <text style="font: 16px 'DejaVu Sans', 'Bitstream Vera Sans', 'Computer Modern Sans Serif', 'Lucida Grande', 'Verdana', 'Geneva', 'Lucid', 'Arial', 'Helvetica', 'Avant Garde', sans-serif; text-anchor: middle" x="642.339276" y="676.791151" transform="rotate(-0 642.339276 676.791151)">135.0</text>
     </g>
    </g>
    <g id="xtick_8">
     <g id="line2d_8">
      <path d="M 388.7425 418.779375 
L 516.038317 726.098663 
" clip-path="url(#p8dbefd11ed)" style="fill: none; stroke: #b0b0b0; stroke-width: 1.5; stroke-linecap: square"/>
     </g>
     <g id="text_8">
      <text style="font: 16px 'DejaVu Sans', 'Bitstream Vera Sans', 'Computer Modern Sans Serif', 'Lucida Grande', 'Verdana', 'Geneva', 'Lucid', 'Arial', 'Helvetica', 'Avant Garde', sans-serif; text-anchor: middle" x="525.988086" y="754.534531" transform="rotate(-0 525.988086 754.534531)">157.5</text>
     </g>
    </g>
    <g id="xtick_9">
     <g id="line2d_9">
      <path d="M 388.7425 418.779375 
L 388.7425 751.419375 
" clip-path="url(#p8dbefd11ed)" style="fill: none; stroke: #b0b0b0; stroke-width: 1.5; stroke-linecap: square"/>
     </g>
     <g id="text_9">
      <text style="font: 16px 'DejaVu Sans', 'Bitstream Vera Sans', 'Computer Modern Sans Serif', 'Lucida Grande', 'Verdana', 'Geneva', 'Lucid', 'Arial', 'Helvetica', 'Avant Garde', sans-serif; text-anchor: middle" x="388.7425" y="781.834375" transform="rotate(-0 388.7425 781.834375)">180.0</text>
     </g>
    </g>
    <g id="xtick_10">
     <g id="line2d_10">
      <path d="M 388.7425 418.779375 
L 261.446683 726.098663 
" clip-path="url(#p8dbefd11ed)" style="fill: none; stroke: #b0b0b0; stroke-width: 1.5; stroke-linecap: square"/>
     </g>
     <g id="text_10">
      <text style="font: 16px 'DejaVu Sans', 'Bitstream Vera Sans', 'Computer Modern Sans Serif', 'Lucida Grande', 'Verdana', 'Geneva', 'Lucid', 'Arial', 'Helvetica', 'Avant Garde', sans-serif; text-anchor: middle" x="251.496914" y="754.534531" transform="rotate(-0 251.496914 754.534531)">202.5</text>
     </g>
    </g>
    <g id="xtick_11">
     <g id="line2d_11">
      <path d="M 388.7425 418.779375 
L 153.5305 653.991375 
" clip-path="url(#p8dbefd11ed)" style="fill: none; stroke: #b0b0b0; stroke-width: 1.5; stroke-linecap: square"/>
     </g>
     <g id="text_11">
      <text style="font: 16px 'DejaVu Sans', 'Bitstream Vera Sans', 'Computer Modern Sans Serif', 'Lucida Grande', 'Verdana', 'Geneva', 'Lucid', 'Arial', 'Helvetica', 'Avant Garde', sans-serif; text-anchor: middle" x="135.145724" y="676.791151" transform="rotate(-0 135.145724 676.791151)">225.0</text>
     </g>
    </g>
    <g id="xtick_12">
     <g id="line2d_12">
      <path d="M 388.7425 418.779375 
L 81.423212 546.075192 
" clip-path="url(#p8dbefd11ed)" style="fill: none; stroke: #b0b0b0; stroke-width: 1.5; stroke-linecap: square"/>
     </g>
     <g id="text_12">
      <text style="font: 16px 'DejaVu Sans', 'Bitstream Vera Sans', 'Computer Modern Sans Serif', 'Lucida Grande', 'Verdana', 'Geneva', 'Lucid', 'Arial', 'Helvetica', 'Avant Garde', sans-serif; text-anchor: middle" x="57.402344" y="560.439961" transform="rotate(-0 57.402344 560.439961)">247.5</text>
     </g>
    </g>
    <g id="xtick_13">
     <g id="line2d_13">
      <path d="M 388.7425 418.779375 
L 56.1025 418.779375 
" clip-path="url(#p8dbefd11ed)" style="fill: none; stroke: #b0b0b0; stroke-width: 1.5; stroke-linecap: square"/>
     </g>
     <g id="text_13">
      <text style="font: 16px 'DejaVu Sans', 'Bitstream Vera Sans', 'Computer Modern Sans Serif', 'Lucida Grande', 'Verdana', 'Geneva', 'Lucid', 'Arial', 'Helvetica', 'Avant Garde', sans-serif; text-anchor: middle" x="30.1025" y="423.194375" transform="rotate(-0 30.1025 423.194375)">270.0</text>
     </g>
    </g>
    <g id="xtick_14">
     <g id="line2d_14">
      <path d="M 388.7425 418.779375 
L 81.423212 291.483558 
" clip-path="url(#p8dbefd11ed)" style="fill: none; stroke: #b0b0b0; stroke-width: 1.5; stroke-linecap: square"/>
     </g>
     <g id="text_14">
      <text style="font: 16px 'DejaVu Sans', 'Bitstream Vera Sans', 'Computer Modern Sans Serif', 'Lucida Grande', 'Verdana', 'Geneva', 'Lucid', 'Arial', 'Helvetica', 'Avant Garde', sans-serif; text-anchor: middle" x="57.402344" y="285.948789" transform="rotate(-0 57.402344 285.948789)">292.5</text>
     </g>
    </g>
    <g id="xtick_15">
     <g id="line2d_15">
      <path d="M 388.7425 418.779375 
L 153.5305 183.567375 
" clip-path="url(#p8dbefd11ed)" style="fill: none; stroke: #b0b0b0; stroke-width: 1.5; stroke-linecap: square"/>
     </g>
     <g id="text_15">
      <text style="font: 16px 'DejaVu Sans', 'Bitstream Vera Sans', 'Computer Modern Sans Serif', 'Lucida Grande', 'Verdana', 'Geneva', 'Lucid', 'Arial', 'Helvetica', 'Avant Garde', sans-serif; text-anchor: middle" x="135.145724" y="169.597599" transform="rotate(-0 135.145724 169.597599)">315.0</text>
     </g>
    </g>
    <g id="xtick_16">
     <g id="line2d_16">
      <path d="M 388.7425 418.779375 
L 261.446683 111.460087 
" clip-path="url(#p8dbefd11ed)" style="fill: none; stroke: #b0b0b0; stroke-width: 1.5; stroke-linecap: square"/>
     </g>
     <g id="text_16">
      <text style="font: 16px 'DejaVu Sans', 'Bitstream Vera Sans', 'Computer Modern Sans Serif', 'Lucida Grande', 'Verdana', 'Geneva', 'Lucid', 'Arial', 'Helvetica', 'Avant Garde', sans-serif; text-anchor: middle" x="251.496914" y="91.854219" transform="rotate(-0 251.496914 91.854219)">337.5</text>
     </g>
    </g>
    <g id="xtick_17">
     <g id="line2d_17">
      <path d="M 388.7425 418.779375 
L 388.7425 86.139375 
" clip-path="url(#p8dbefd11ed)" style="fill: none; stroke: #b0b0b0; stroke-width: 1.5; stroke-linecap: square"/>
     </g>
    </g>
   </g>
   <g id="matplotlib.axis_2">
    <g id="ytick_1">
     <g id="line2d_18">
      <path d="M 388.7425 339.637045 
C 399.135376 339.637045 409.427194 341.684215 419.028959 345.661396 
C 428.630724 349.638577 437.355706 355.468424 444.704578 362.817297 
C 452.053451 370.166169 457.883298 378.891151 461.860479 388.492916 
C 465.83766 398.094681 467.88483 408.386499 467.88483 418.779375 
C 467.88483 429.172251 465.83766 439.464069 461.860479 449.065834 
C 457.883298 458.667599 452.053451 467.392581 444.704578 474.741453 
C 437.355706 482.090326 428.630724 487.920173 419.028959 491.897354 
C 409.427194 495.874535 399.135376 497.921705 388.7425 497.921705 
C 378.349624 497.921705 368.057806 495.874535 358.456041 491.897354 
C 348.854276 487.920173 340.129294 482.090326 332.780422 474.741453 
C 325.431549 467.392581 319.601702 458.667599 315.624521 449.065834 
C 311.64734 439.464069 309.60017 429.172251 309.60017 418.779375 
C 309.60017 408.386499 311.64734 398.094681 315.624521 388.492916 
C 319.601702 378.891151 325.431549 370.166169 332.780422 362.817297 
C 340.129294 355.468424 348.854276 349.638577 358.456041 345.661396 
C 368.057806 341.684215 378.349624 339.637045 388.7425 339.637045 
" clip-path="url(#p8dbefd11ed)" style="fill: none; stroke: #b0b0b0; stroke-width: 1.5; stroke-linecap: square"/>
     </g>
     <g id="text_17">
      <text style="font: 16px 'DejaVu Sans', 'Bitstream Vera Sans', 'Computer Modern Sans Serif', 'Lucida Grande', 'Verdana', 'Geneva', 'Lucid', 'Arial', 'Helvetica', 'Avant Garde', sans-serif; text-anchor: start" x="419.028959" y="342.333896" transform="rotate(-0 419.028959 342.333896)">0.08</text>
     </g>
    </g>
    <g id="ytick_2">
     <g id="line2d_19">
      <path d="M 388.7425 255.041624 
C 410.244344 255.041624 431.53711 259.277019 451.402224 267.505418 
C 471.267338 275.733818 489.318474 287.795201 504.522574 302.999301 
C 519.726674 318.203401 531.788057 336.254537 540.016457 356.119651 
C 548.244856 375.984765 552.480251 397.277531 552.480251 418.779375 
C 552.480251 440.281219 548.244856 461.573985 540.016457 481.439099 
C 531.788057 501.304213 519.726674 519.355349 504.522574 534.559449 
C 489.318474 549.763549 471.267338 561.824932 451.402224 570.053332 
C 431.53711 578.281731 410.244344 582.517126 388.7425 582.517126 
C 367.240656 582.517126 345.94789 578.281731 326.082776 570.053332 
C 306.217662 561.824932 288.166526 549.763549 272.962426 534.559449 
C 257.758326 519.355349 245.696943 501.304213 237.468543 481.439099 
C 229.240144 461.573985 225.004749 440.281219 225.004749 418.779375 
C 225.004749 397.277531 229.240144 375.984765 237.468543 356.119651 
C 245.696943 336.254537 257.758326 318.203401 272.962426 302.999301 
C 288.166526 287.795201 306.217662 275.733818 326.082776 267.505418 
C 345.94789 259.277019 367.240656 255.041624 388.7425 255.041624 
" clip-path="url(#p8dbefd11ed)" style="fill: none; stroke: #b0b0b0; stroke-width: 1.5; stroke-linecap: square"/>
     </g>
     <g id="text_18">
      <text style="font: 16px 'DejaVu Sans', 'Bitstream Vera Sans', 'Computer Modern Sans Serif', 'Lucida Grande', 'Verdana', 'Geneva', 'Lucid', 'Arial', 'Helvetica', 'Avant Garde', sans-serif; text-anchor: start" x="451.402224" y="264.177918" transform="rotate(-0 451.402224 264.177918)">0.14</text>
     </g>
    </g>
    <g id="ytick_3">
     <g id="line2d_20">
      <path d="M 388.7425 170.446204 
C 421.353313 170.446204 453.647027 176.869823 483.77549 189.349441 
C 513.903953 201.829059 541.281242 220.121978 564.340569 243.181306 
C 587.399897 266.240633 605.692816 293.617922 618.172434 323.746385 
C 630.652052 353.874848 637.075671 386.168562 637.075671 418.779375 
C 637.075671 451.390188 630.652052 483.683902 618.172434 513.812365 
C 605.692816 543.940828 587.399897 571.318117 564.340569 594.377444 
C 541.281242 617.436772 513.903953 635.729691 483.77549 648.209309 
C 453.647027 660.688927 421.353313 667.112546 388.7425 667.112546 
C 356.131687 667.112546 323.837973 660.688927 293.70951 648.209309 
C 263.581047 635.729691 236.203758 617.436772 213.144431 594.377444 
C 190.085103 571.318117 171.792184 543.940828 159.312566 513.812365 
C 146.832948 483.683902 140.409329 451.390188 140.409329 418.779375 
C 140.409329 386.168562 146.832948 353.874848 159.312566 323.746385 
C 171.792184 293.617922 190.085103 266.240633 213.144431 243.181306 
C 236.203758 220.121978 263.581047 201.829059 293.70951 189.349441 
C 323.837973 176.869823 356.131687 170.446204 388.7425 170.446204 
" clip-path="url(#p8dbefd11ed)" style="fill: none; stroke: #b0b0b0; stroke-width: 1.5; stroke-linecap: square"/>
     </g>
     <g id="text_19">
      <text style="font: 16px 'DejaVu Sans', 'Bitstream Vera Sans', 'Computer Modern Sans Serif', 'Lucida Grande', 'Verdana', 'Geneva', 'Lucid', 'Arial', 'Helvetica', 'Avant Garde', sans-serif; text-anchor: start" x="483.77549" y="186.021941" transform="rotate(-0 483.77549 186.021941)">0.19</text>
     </g>
    </g>
   </g>
   <g id="line2d_21">
    <path d="M 388.7425 375.74731 
L 405.407562 378.546355 
L 485.372512 322.149363 
L 696.061788 291.483558 
L 581.910832 418.779375 
L 485.305178 458.776946 
L 442.108345 472.14522 
L 417.083264 487.200031 
L 388.7425 461.81144 
L 372.077438 459.012395 
L 292.112488 515.409387 
L 81.423212 546.075192 
L 195.574168 418.779375 
L 292.179822 378.781804 
L 335.376655 365.41353 
L 360.401736 350.358719 
L 388.7425 375.74731 
" clip-path="url(#p8dbefd11ed)" style="fill: none; stroke: #f6cd51; stroke-opacity: 0.7; stroke-width: 10; stroke-linecap: square"/>
   </g>
   <g id="line2d_22">
    <path d="M 388.7425 418.779375 
L 393.568278 407.128916 
L 418.485226 389.036649 
L 478.750355 381.496901 
L 586.39759 418.779375 
L 512.124896 469.886037 
L 498.356644 528.393519 
L 414.9943 482.156826 
L 388.7425 418.779375 
L 383.916722 430.429834 
L 358.999774 448.522101 
L 298.734645 456.061849 
L 191.08741 418.779375 
L 265.360104 367.672713 
L 279.128356 309.165231 
L 362.4907 355.401924 
L 388.7425 418.779375 
" clip-path="url(#p8dbefd11ed)" style="fill: none; stroke: #c48a5a; stroke-opacity: 0.7; stroke-width: 10; stroke-linecap: square"/>
   </g>
   <g id="patch_3">
    <path d="M 388.7425 86.139375 
C 345.060615 86.139375 301.803482 94.743754 261.446683 111.460087 
C 221.089884 128.176421 184.418257 152.679619 153.5305 183.567375 
C 122.642744 214.455132 98.139546 251.126759 81.423212 291.483558 
C 64.706879 331.840357 56.1025 375.09749 56.1025 418.779375 
C 56.1025 462.46126 64.706879 505.718393 81.423212 546.075192 
C 98.139546 586.431991 122.642744 623.103618 153.5305 653.991375 
C 184.418257 684.879131 221.089884 709.382329 261.446683 726.098663 
C 301.803482 742.814996 345.060615 751.419375 388.7425 751.419375 
C 432.424385 751.419375 475.681518 742.814996 516.038317 726.098663 
C 556.395116 709.382329 593.066743 684.879131 623.9545 653.991375 
C 654.842256 623.103618 679.345454 586.431991 696.061788 546.075192 
C 712.778121 505.718393 721.3825 462.46126 721.3825 418.779375 
C 721.3825 375.09749 712.778121 331.840357 696.061788 291.483558 
C 679.345454 251.126759 654.842256 214.455132 623.9545 183.567375 
C 593.066743 152.679619 556.395116 128.176421 516.038317 111.460087 
C 475.681518 94.743754 432.424385 86.139375 388.7425 86.139375 
" style="fill: none; stroke: #000000; stroke-width: 1.875; stroke-linejoin: miter; stroke-linecap: square"/>
   </g>
   <g id="text_20">
    <text style="font: 20px 'DejaVu Sans', 'Bitstream Vera Sans', 'Computer Modern Sans Serif', 'Lucida Grande', 'Verdana', 'Geneva', 'Lucid', 'Arial', 'Helvetica', 'Avant Garde', sans-serif; text-anchor: middle" x="388.7425" y="22.396875" transform="rotate(-0 388.7425 22.396875)">cell 230302_003_2 in LM</text>
   </g>
   <g id="legend_1">
    <g id="line2d_23">
     <path d="M 667.7245 36.901312 
L 680.9245 36.901312 
L 694.1245 36.901312 
" style="fill: none; stroke: #f6cd51; stroke-opacity: 0.7; stroke-width: 10; stroke-linecap: square"/>
    </g>
    <g id="text_21">
     <text style="font: 13.2px 'DejaVu Sans', 'Bitstream Vera Sans', 'Computer Modern Sans Serif', 'Lucida Grande', 'Verdana', 'Geneva', 'Lucid', 'Arial', 'Helvetica', 'Avant Garde', sans-serif; text-anchor: start" x="704.6845" y="41.521312" transform="rotate(-0 704.6845 41.521312)">unadapted</text>
    </g>
    <g id="line2d_24">
     <path d="M 667.7245 56.276437 
L 680.9245 56.276437 
L 694.1245 56.276437 
" style="fill: none; stroke: #c48a5a; stroke-opacity: 0.7; stroke-width: 10; stroke-linecap: square"/>
    </g>
    <g id="text_22">
     <text style="font: 13.2px 'DejaVu Sans', 'Bitstream Vera Sans', 'Computer Modern Sans Serif', 'Lucida Grande', 'Verdana', 'Geneva', 'Lucid', 'Arial', 'Helvetica', 'Avant Garde', sans-serif; text-anchor: start" x="704.6845" y="60.896437" transform="rotate(-0 704.6845 60.896437)">adapted</text>
    </g>
   </g>
  </g>
 </g>
 <defs>
  <clipPath id="p8dbefd11ed">
   <path d="M 721.3825 418.779375 
C 721.3825 375.09749 712.778121 331.840357 696.061788 291.483558 
C 679.345454 251.126759 654.842256 214.455132 623.9545 183.567375 
C 593.066743 152.679619 556.395116 128.176421 516.038317 111.460087 
C 475.681518 94.743754 432.424385 86.139375 388.7425 86.139375 
C 345.060615 86.139375 301.803482 94.743754 261.446683 111.460087 
C 221.089884 128.176421 184.418257 152.679619 153.5305 183.567375 
C 122.642744 214.455132 98.139546 251.126759 81.423212 291.483558 
C 64.706879 331.840357 56.1025 375.09749 56.1025 418.779375 
C 56.1025 462.46126 64.706879 505.718393 81.423212 546.075192 
C 98.139546 586.431991 122.642744 623.103618 153.5305 653.991375 
C 184.418257 684.879131 221.089884 709.382329 261.446683 726.098663 
C 301.803482 742.814996 345.060615 751.419375 388.7425 751.419375 
C 432.424385 751.419375 475.681518 742.814996 516.038317 726.098663 
C 556.395116 709.382329 593.066743 684.879131 623.9545 653.991375 
C 654.842256 623.103618 679.345454 586.431991 696.061788 546.075192 
C 712.778121 505.718393 721.3825 462.46126 721.3825 418.779375 
M 388.7425 418.779375 
C 388.7425 418.779375 388.7425 418.779375 388.7425 418.779375 
C 388.7425 418.779375 388.7425 418.779375 388.7425 418.779375 
C 388.7425 418.779375 388.7425 418.779375 388.7425 418.779375 
C 388.7425 418.779375 388.7425 418.779375 388.7425 418.779375 
C 388.7425 418.779375 388.7425 418.779375 388.7425 418.779375 
C 388.7425 418.779375 388.7425 418.779375 388.7425 418.779375 
C 388.7425 418.779375 388.7425 418.779375 388.7425 418.779375 
C 388.7425 418.779375 388.7425 418.779375 388.7425 418.779375 
C 388.7425 418.779375 388.7425 418.779375 388.7425 418.779375 
C 388.7425 418.779375 388.7425 418.779375 388.7425 418.779375 
C 388.7425 418.779375 388.7425 418.779375 388.7425 418.779375 
C 388.7425 418.779375 388.7425 418.779375 388.7425 418.779375 
C 388.7425 418.779375 388.7425 418.779375 388.7425 418.779375 
C 388.7425 418.779375 388.7425 418.779375 388.7425 418.779375 
C 388.7425 418.779375 388.7425 418.779375 388.7425 418.779375 
C 388.7425 418.779375 388.7425 418.779375 388.7425 418.779375 
z
"/>
  </clipPath>
 </defs>
</svg>
