<?xml version="1.0" encoding="utf-8" standalone="no"?>
<!DOCTYPE svg PUBLIC "-//W3C//DTD SVG 1.1//EN"
  "http://www.w3.org/Graphics/SVG/1.1/DTD/svg11.dtd">
<svg xmlns:xlink="http://www.w3.org/1999/xlink" width="162.302669pt" height="96.900169pt" viewBox="0 0 162.302669 96.900169" xmlns="http://www.w3.org/2000/svg" version="1.1">
 <metadata>
  <rdf:RDF xmlns:dc="http://purl.org/dc/elements/1.1/" xmlns:cc="http://creativecommons.org/ns#" xmlns:rdf="http://www.w3.org/1999/02/22-rdf-syntax-ns#">
   <cc:Work>
    <dc:type rdf:resource="http://purl.org/dc/dcmitype/StillImage"/>
    <dc:date>2023-12-19T10:14:12.878892</dc:date>
    <dc:format>image/svg+xml</dc:format>
    <dc:creator>
     <cc:Agent>
      <dc:title>Matplotlib v3.7.2, https://matplotlib.org/</dc:title>
     </cc:Agent>
    </dc:creator>
   </cc:Work>
  </rdf:RDF>
 </metadata>
 <defs>
  <style type="text/css">*{stroke-linejoin: round; stroke-linecap: butt}</style>
 </defs>
 <g id="figure_1">
  <g id="patch_1">
   <path d="M -0 96.900169 
L 162.302669 96.900169 
L 162.302669 0 
L -0 0 
z
" style="fill: #ffffff"/>
  </g>
  <g id="axes_1">
   <g id="patch_2">
    <path d="M 65.957669 48.450085 
C 65.957669 44.592091 65.197729 40.771612 63.721339 37.207291 
C 62.244949 33.64297 60.080821 30.404125 57.352808 27.676111 
C 54.624795 24.948098 51.385949 22.783971 47.821628 21.307581 
C 44.257307 19.831191 40.436828 19.07125 36.578835 19.07125 
C 32.720841 19.07125 28.900362 19.831191 25.336041 21.307581 
C 21.77172 22.783971 18.532875 24.948098 15.804861 27.676111 
C 13.076848 30.404125 10.912721 33.64297 9.436331 37.207291 
C 7.959941 40.771612 7.2 44.592091 7.2 48.450085 
C 7.2 52.308078 7.959941 56.128557 9.436331 59.692878 
C 10.912721 63.257199 13.076848 66.496045 15.804861 69.224058 
C 18.532875 71.952071 21.77172 74.116199 25.336041 75.592589 
C 28.900362 77.068979 32.720841 77.828919 36.578835 77.828919 
C 40.436828 77.828919 44.257307 77.068979 47.821628 75.592589 
C 51.385949 74.116199 54.624795 71.952071 57.352808 69.224058 
C 60.080821 66.496045 62.244949 63.257199 63.721339 59.692878 
C 65.197729 56.128557 65.957669 52.308078 65.957669 48.450085 
M 36.578835 48.450085 
C 36.578835 48.450085 36.578835 48.450085 36.578835 48.450085 
C 36.578835 48.450085 36.578835 48.450085 36.578835 48.450085 
C 36.578835 48.450085 36.578835 48.450085 36.578835 48.450085 
C 36.578835 48.450085 36.578835 48.450085 36.578835 48.450085 
C 36.578835 48.450085 36.578835 48.450085 36.578835 48.450085 
C 36.578835 48.450085 36.578835 48.450085 36.578835 48.450085 
C 36.578835 48.450085 36.578835 48.450085 36.578835 48.450085 
C 36.578835 48.450085 36.578835 48.450085 36.578835 48.450085 
C 36.578835 48.450085 36.578835 48.450085 36.578835 48.450085 
C 36.578835 48.450085 36.578835 48.450085 36.578835 48.450085 
C 36.578835 48.450085 36.578835 48.450085 36.578835 48.450085 
C 36.578835 48.450085 36.578835 48.450085 36.578835 48.450085 
C 36.578835 48.450085 36.578835 48.450085 36.578835 48.450085 
C 36.578835 48.450085 36.578835 48.450085 36.578835 48.450085 
C 36.578835 48.450085 36.578835 48.450085 36.578835 48.450085 
C 36.578835 48.450085 36.578835 48.450085 36.578835 48.450085 
z
" style="fill: #ffffff"/>
   </g>
   <g id="matplotlib.axis_1">
    <g id="xtick_1">
     <g id="line2d_1">
      <path d="M 36.578835 48.450085 
L 36.578835 19.07125 
" clip-path="url(#p24a639583a)" style="fill: none; stroke: #b0b0b0; stroke-width: 1.5; stroke-linecap: square"/>
     </g>
     <g id="text_1">
      <text style="font: 8px 'DejaVu Sans', 'Bitstream Vera Sans', 'Computer Modern Sans Serif', 'Lucida Grande', 'Verdana', 'Geneva', 'Lucid', 'Arial', 'Helvetica', 'Avant Garde', sans-serif; text-anchor: middle" x="36.578835" y="13.27875" transform="rotate(-0 36.578835 13.27875)">0</text>
     </g>
    </g>
    <g id="xtick_2">
     <g id="line2d_2">
      <path d="M 36.578835 48.450085 
L 47.821628 21.307581 
" clip-path="url(#p24a639583a)" style="fill: none; stroke: #b0b0b0; stroke-width: 1.5; stroke-linecap: square"/>
     </g>
    </g>
    <g id="xtick_3">
     <g id="line2d_3">
      <path d="M 36.578835 48.450085 
L 57.352808 27.676111 
" clip-path="url(#p24a639583a)" style="fill: none; stroke: #b0b0b0; stroke-width: 1.5; stroke-linecap: square"/>
     </g>
    </g>
    <g id="xtick_4">
     <g id="line2d_4">
      <path d="M 36.578835 48.450085 
L 63.721339 37.207291 
" clip-path="url(#p24a639583a)" style="fill: none; stroke: #b0b0b0; stroke-width: 1.5; stroke-linecap: square"/>
     </g>
    </g>
    <g id="xtick_5">
     <g id="line2d_5">
      <path d="M 36.578835 48.450085 
L 65.957669 48.450085 
" clip-path="url(#p24a639583a)" style="fill: none; stroke: #b0b0b0; stroke-width: 1.5; stroke-linecap: square"/>
     </g>
     <g id="text_2">
      <text style="font: 8px 'DejaVu Sans', 'Bitstream Vera Sans', 'Computer Modern Sans Serif', 'Lucida Grande', 'Verdana', 'Geneva', 'Lucid', 'Arial', 'Helvetica', 'Avant Garde', sans-serif; text-anchor: middle" x="73.957669" y="50.657585" transform="rotate(-0 73.957669 50.657585)">90</text>
     </g>
    </g>
    <g id="xtick_6">
     <g id="line2d_6">
      <path d="M 36.578835 48.450085 
L 63.721339 59.692878 
" clip-path="url(#p24a639583a)" style="fill: none; stroke: #b0b0b0; stroke-width: 1.5; stroke-linecap: square"/>
     </g>
    </g>
    <g id="xtick_7">
     <g id="line2d_7">
      <path d="M 36.578835 48.450085 
L 57.352808 69.224058 
" clip-path="url(#p24a639583a)" style="fill: none; stroke: #b0b0b0; stroke-width: 1.5; stroke-linecap: square"/>
     </g>
    </g>
    <g id="xtick_8">
     <g id="line2d_8">
      <path d="M 36.578835 48.450085 
L 47.821628 75.592589 
" clip-path="url(#p24a639583a)" style="fill: none; stroke: #b0b0b0; stroke-width: 1.5; stroke-linecap: square"/>
     </g>
    </g>
    <g id="xtick_9">
     <g id="line2d_9">
      <path d="M 36.578835 48.450085 
L 36.578835 77.828919 
" clip-path="url(#p24a639583a)" style="fill: none; stroke: #b0b0b0; stroke-width: 1.5; stroke-linecap: square"/>
     </g>
     <g id="text_3">
      <text style="font: 8px 'DejaVu Sans', 'Bitstream Vera Sans', 'Computer Modern Sans Serif', 'Lucida Grande', 'Verdana', 'Geneva', 'Lucid', 'Arial', 'Helvetica', 'Avant Garde', sans-serif; text-anchor: middle" x="36.578835" y="88.036419" transform="rotate(-0 36.578835 88.036419)">180</text>
     </g>
    </g>
    <g id="xtick_10">
     <g id="line2d_10">
      <path d="M 36.578835 48.450085 
L 25.336041 75.592589 
" clip-path="url(#p24a639583a)" style="fill: none; stroke: #b0b0b0; stroke-width: 1.5; stroke-linecap: square"/>
     </g>
    </g>
    <g id="xtick_11">
     <g id="line2d_11">
      <path d="M 36.578835 48.450085 
L 15.804861 69.224058 
" clip-path="url(#p24a639583a)" style="fill: none; stroke: #b0b0b0; stroke-width: 1.5; stroke-linecap: square"/>
     </g>
    </g>
    <g id="xtick_12">
     <g id="line2d_12">
      <path d="M 36.578835 48.450085 
L 9.436331 59.692878 
" clip-path="url(#p24a639583a)" style="fill: none; stroke: #b0b0b0; stroke-width: 1.5; stroke-linecap: square"/>
     </g>
    </g>
    <g id="xtick_13">
     <g id="line2d_13">
      <path d="M 36.578835 48.450085 
L 7.2 48.450085 
" clip-path="url(#p24a639583a)" style="fill: none; stroke: #b0b0b0; stroke-width: 1.5; stroke-linecap: square"/>
     </g>
    </g>
    <g id="xtick_14">
     <g id="line2d_14">
      <path d="M 36.578835 48.450085 
L 9.436331 37.207291 
" clip-path="url(#p24a639583a)" style="fill: none; stroke: #b0b0b0; stroke-width: 1.5; stroke-linecap: square"/>
     </g>
    </g>
    <g id="xtick_15">
     <g id="line2d_15">
      <path d="M 36.578835 48.450085 
L 15.804861 27.676111 
" clip-path="url(#p24a639583a)" style="fill: none; stroke: #b0b0b0; stroke-width: 1.5; stroke-linecap: square"/>
     </g>
    </g>
    <g id="xtick_16">
     <g id="line2d_16">
      <path d="M 36.578835 48.450085 
L 25.336041 21.307581 
" clip-path="url(#p24a639583a)" style="fill: none; stroke: #b0b0b0; stroke-width: 1.5; stroke-linecap: square"/>
     </g>
    </g>
    <g id="xtick_17">
     <g id="line2d_17">
      <path d="M 36.578835 48.450085 
L 36.578835 19.07125 
" clip-path="url(#p24a639583a)" style="fill: none; stroke: #b0b0b0; stroke-width: 1.5; stroke-linecap: square"/>
     </g>
    </g>
   </g>
   <g id="matplotlib.axis_2">
    <g id="ytick_1">
     <g id="line2d_18">
      <path d="M 36.578835 33.39016 
C 38.556486 33.39016 40.514907 33.779714 42.342018 34.536528 
C 44.16913 35.293343 45.829399 36.402699 47.22781 37.80111 
C 48.62622 39.19952 49.735577 40.859789 50.492391 42.686901 
C 51.249205 44.514012 51.63876 46.472433 51.63876 48.450085 
C 51.63876 50.427736 51.249205 52.386157 50.492391 54.213268 
C 49.735577 56.04038 48.62622 57.700649 47.22781 59.09906 
C 45.829399 60.49747 44.16913 61.606827 42.342018 62.363641 
C 40.514907 63.120455 38.556486 63.51001 36.578835 63.51001 
C 34.601183 63.51001 32.642762 63.120455 30.815651 62.363641 
C 28.988539 61.606827 27.32827 60.49747 25.92986 59.09906 
C 24.531449 57.700649 23.422093 56.04038 22.665278 54.213268 
C 21.908464 52.386157 21.51891 50.427736 21.51891 48.450085 
C 21.51891 46.472433 21.908464 44.514012 22.665278 42.686901 
C 23.422093 40.859789 24.531449 39.19952 25.92986 37.80111 
C 27.32827 36.402699 28.988539 35.293343 30.815651 34.536528 
C 32.642762 33.779714 34.601183 33.39016 36.578835 33.39016 
" clip-path="url(#p24a639583a)" style="fill: none; stroke: #b0b0b0; stroke-width: 1.5; stroke-linecap: square"/>
     </g>
     <g id="text_4">
      <text style="font: 6px 'DejaVu Sans', 'Bitstream Vera Sans', 'Computer Modern Sans Serif', 'Lucida Grande', 'Verdana', 'Geneva', 'Lucid', 'Arial', 'Helvetica', 'Avant Garde', sans-serif; text-anchor: start" x="51.63876" y="47.202272" transform="rotate(-0 51.63876 47.202272)">0.12</text>
     </g>
    </g>
   </g>
   <g id="line2d_19">
    <path d="M 36.578835 19.07125 
L 39.790348 40.696805 
L 38.866258 46.162661 
L 36.895929 48.31874 
L 38.890176 48.450085 
L 38.027221 49.050026 
L 38.593393 50.464643 
L 45.445533 69.856188 
L 36.578835 77.828919 
L 33.367321 56.203365 
L 34.291411 50.737508 
L 36.26174 48.58143 
L 34.267493 48.450085 
L 35.130449 47.850144 
L 34.564277 46.435527 
L 27.712136 27.043981 
L 36.578835 19.07125 
" clip-path="url(#p24a639583a)" style="fill: none; stroke: #85a7eb; stroke-opacity: 0.7; stroke-linecap: square"/>
   </g>
   <g id="line2d_20">
    <path d="M 36.578835 24.294246 
L 40.079587 39.998521 
L 39.016078 46.012841 
L 36.578835 48.450085 
L 37.578779 48.450085 
L 36.930542 48.595767 
L 41.930951 53.802201 
L 46.087696 71.406507 
L 36.578835 72.605923 
L 33.078082 56.901648 
L 34.141591 50.887328 
L 36.578835 48.450085 
L 35.57889 48.450085 
L 36.227127 48.304403 
L 31.226719 43.097969 
L 27.069973 25.493662 
L 36.578835 24.294246 
" clip-path="url(#p24a639583a)" style="fill: none; stroke: #3e51cc; stroke-opacity: 0.7; stroke-linecap: square"/>
   </g>
   <g id="patch_3">
    <path d="M 36.578835 19.07125 
C 32.720841 19.07125 28.900362 19.831191 25.336041 21.307581 
C 21.77172 22.783971 18.532875 24.948098 15.804861 27.676111 
C 13.076848 30.404125 10.912721 33.64297 9.436331 37.207291 
C 7.959941 40.771612 7.2 44.592091 7.2 48.450085 
C 7.2 52.308078 7.959941 56.128557 9.436331 59.692878 
C 10.912721 63.257199 13.076848 66.496045 15.804861 69.224058 
C 18.532875 71.952071 21.77172 74.116199 25.336041 75.592589 
C 28.900362 77.068979 32.720841 77.828919 36.578835 77.828919 
C 40.436828 77.828919 44.257307 77.068979 47.821628 75.592589 
C 51.385949 74.116199 54.624795 71.952071 57.352808 69.224058 
C 60.080821 66.496045 62.244949 63.257199 63.721339 59.692878 
C 65.197729 56.128557 65.957669 52.308078 65.957669 48.450085 
C 65.957669 44.592091 65.197729 40.771612 63.721339 37.207291 
C 62.244949 33.64297 60.080821 30.404125 57.352808 27.676111 
C 54.624795 24.948098 51.385949 22.783971 47.821628 21.307581 
C 44.257307 19.831191 40.436828 19.07125 36.578835 19.07125 
" style="fill: none; stroke: #000000; stroke-linejoin: miter; stroke-linecap: square"/>
   </g>
   <g id="legend_1">
    <g id="line2d_21">
     <path d="M 73.157669 29.55 
L 81.157669 29.55 
L 89.157669 29.55 
" style="fill: none; stroke: #85a7eb; stroke-opacity: 0.7; stroke-linecap: square"/>
    </g>
    <g id="text_5">
     <text style="font: 8px 'DejaVu Sans', 'Bitstream Vera Sans', 'Computer Modern Sans Serif', 'Lucida Grande', 'Verdana', 'Geneva', 'Lucid', 'Arial', 'Helvetica', 'Avant Garde', sans-serif; text-anchor: start" x="95.557669" y="32.35" transform="rotate(-0 95.557669 32.35)">V1 unadapted</text>
    </g>
    <g id="line2d_22">
     <path d="M 73.157669 41.2925 
L 81.157669 41.2925 
L 89.157669 41.2925 
" style="fill: none; stroke: #3e51cc; stroke-opacity: 0.7; stroke-linecap: square"/>
    </g>
    <g id="text_6">
     <text style="font: 8px 'DejaVu Sans', 'Bitstream Vera Sans', 'Computer Modern Sans Serif', 'Lucida Grande', 'Verdana', 'Geneva', 'Lucid', 'Arial', 'Helvetica', 'Avant Garde', sans-serif; text-anchor: start" x="95.557669" y="44.0925" transform="rotate(-0 95.557669 44.0925)">V1 adapted</text>
    </g>
   </g>
  </g>
 </g>
 <defs>
  <clipPath id="p24a639583a">
   <path d="M 65.957669 48.450085 
C 65.957669 44.592091 65.197729 40.771612 63.721339 37.207291 
C 62.244949 33.64297 60.080821 30.404125 57.352808 27.676111 
C 54.624795 24.948098 51.385949 22.783971 47.821628 21.307581 
C 44.257307 19.831191 40.436828 19.07125 36.578835 19.07125 
C 32.720841 19.07125 28.900362 19.831191 25.336041 21.307581 
C 21.77172 22.783971 18.532875 24.948098 15.804861 27.676111 
C 13.076848 30.404125 10.912721 33.64297 9.436331 37.207291 
C 7.959941 40.771612 7.2 44.592091 7.2 48.450085 
C 7.2 52.308078 7.959941 56.128557 9.436331 59.692878 
C 10.912721 63.257199 13.076848 66.496045 15.804861 69.224058 
C 18.532875 71.952071 21.77172 74.116199 25.336041 75.592589 
C 28.900362 77.068979 32.720841 77.828919 36.578835 77.828919 
C 40.436828 77.828919 44.257307 77.068979 47.821628 75.592589 
C 51.385949 74.116199 54.624795 71.952071 57.352808 69.224058 
C 60.080821 66.496045 62.244949 63.257199 63.721339 59.692878 
C 65.197729 56.128557 65.957669 52.308078 65.957669 48.450085 
M 36.578835 48.450085 
C 36.578835 48.450085 36.578835 48.450085 36.578835 48.450085 
C 36.578835 48.450085 36.578835 48.450085 36.578835 48.450085 
C 36.578835 48.450085 36.578835 48.450085 36.578835 48.450085 
C 36.578835 48.450085 36.578835 48.450085 36.578835 48.450085 
C 36.578835 48.450085 36.578835 48.450085 36.578835 48.450085 
C 36.578835 48.450085 36.578835 48.450085 36.578835 48.450085 
C 36.578835 48.450085 36.578835 48.450085 36.578835 48.450085 
C 36.578835 48.450085 36.578835 48.450085 36.578835 48.450085 
C 36.578835 48.450085 36.578835 48.450085 36.578835 48.450085 
C 36.578835 48.450085 36.578835 48.450085 36.578835 48.450085 
C 36.578835 48.450085 36.578835 48.450085 36.578835 48.450085 
C 36.578835 48.450085 36.578835 48.450085 36.578835 48.450085 
C 36.578835 48.450085 36.578835 48.450085 36.578835 48.450085 
C 36.578835 48.450085 36.578835 48.450085 36.578835 48.450085 
C 36.578835 48.450085 36.578835 48.450085 36.578835 48.450085 
C 36.578835 48.450085 36.578835 48.450085 36.578835 48.450085 
z
"/>
  </clipPath>
 </defs>
</svg>
